# Live2D Animator Motion Data
$fps=30

$fadein=1000

$fadeout=1000

PARAM_ANGLE_Z=0,-0.015,-0.06,-0.14,-0.27,-0.43,-0.65,-0.91,-1.24,-4.51,-10,-13,-11,-12,-11,-12,-11,-13,-12.96,-12.87,-12.71,-12.51,-12.27,-12,-11.7,-11.37,-11.02,-10.64,-10.26,-9.85,-9.43,-9,-8.52,-8.05,-7.6,-7.17,-6.75,-6.34,-5.96,-5.59,-5.23,-4.88,-4.55,-4.23,-3.92,-3.63,-3.35,-3.09,-2.83,-2.59,-2.36,-2.14,-1.93,-1.73,-1.55,-1.38,-1.21,-1.06,-0.92,-0.79,-0.67,-0.56,-0.46,-0.37,-0.29,-0.23,-0.16,-0.11,-0.07,-0.04,-0.02,-0.005,0,-5.81,-8,-7.69,-6.88,-5.69,-4.29,-2.84,-1.44,-0.26,0.56,0.87,0.24,0,1.45,2,1.27,1,1.73,2,1,2,1,3,3,4,4,5,4,5,5,7,6,8,7,8,6,4.99,4.1,3.29,2.57,1.96,1.42,0.98,0.62,0.35,0.15,0.04,0
PARAM_BODY_ANGLE_Y=0,0.004,-0.003,-0.04,-0.11,-0.24,-0.42,-0.67,-1,-1.5,-2.01,-2.52,-3.02,-3.51,-3.97,-4.39,-4.78,-5.13,-5.43,-5.66,-5.85,-5.96,-6,-5.987,-5.95,-5.89,-5.8,-5.69,-5.56,-5.41,-5.25,-5.06,-4.86,-4.65,-4.42,-4.18,-3.93,-3.66,-3.4,-3.12,-2.83,-2.54,-2.25,-1.95,-1.65,-1.35,-1.05,-0.75,-0.46,-0.17,0.12,0.4,0.66,0.93,1.18,1.42,1.65,1.86,2.06,2.25,2.41,2.56,2.69,2.8,2.89,2.95,2.99,3,1.81,-1.09,-5,-8.13,-9.6,-10,-9.986,-9.94,-9.87,-9.78,-9.66,-9.52,-9.36,-9.18,-8.98,-8.77,-8.54,-8.3,-8.04,-7.77,-7.49,-7.2,-6.91,-6.61,-6.3,-5.99,-5.67,-5.36,-5.04,-4.72,-4.41,-4.1,-3.78,-3.48,-3.18,-2.89,-2.6,-2.33,-2.06,-1.81,-1.57,-1.34,-1.12,-0.92,-0.74,-0.58,-0.43,-0.3,-0.2,-0.11,-0.05,-0.01,0
PARAM_RIGHTARM=0,-0.012,-0.05,-0.1,-0.16,-0.23,-0.31,-0.39,-0.46,-0.52,-0.57,-0.61,-0.62,-0.618,-0.614,-0.606,-0.595,-0.582,-0.566,-0.548,-0.528,-0.51,-0.48,-0.46,-0.43,-0.4,-0.37,-0.34,-0.31,-0.27,-0.24,-0.21,-0.17,-0.14,-0.1,-0.06,-0.03,0.01,0.04,0.08,0.11,0.14,0.18,0.21,0.24,0.27,0.3,0.32,0.35,0.37,0.4,0.417,0.435,0.452,0.466,0.478,0.487,0.494,0.499,0.5,0.48,0.42,0.34,0.25,0.14,0.02,-0.1,-0.22,-0.35,-0.47,-0.58,-0.6,-0.83,-0.91,-0.909,-0.905,-0.898,-0.89,-0.879,-0.866,-0.852,-0.836,-0.817,-0.798,-0.777,-0.75,-0.73,-0.71,-0.68,-0.66,-0.63,-0.6,-0.57,-0.55,-0.52,-0.49,-0.46,-0.43,-0.4,-0.37,-0.34,-0.32,-0.29,-0.26,-0.24,-0.21,-0.19,-0.16,-0.14,-0.12,-0.102,-0.084,-0.067,-0.053,-0.039,-0.027,-0.018,-0.01,-0.005,-0.001,0
PARAM_LEFTARM=0,-0.007,-0.027,-0.06,-0.1,-0.15,-0.2,-0.26,-0.33,-0.39,-0.45,-0.52,-0.58,-0.63,-0.68,-0.72,-0.75,-0.773,-0.78,-0.778,-0.773,-0.764,-0.752,-0.738,-0.72,-0.7,-0.68,-0.65,-0.63,-0.6,-0.57,-0.53,-0.5,-0.47,-0.43,-0.39,-0.35,-0.32,-0.28,-0.24,-0.2,-0.16,-0.13,-0.09,-0.05,-0.01,0.02,0.05,0.09,0.12,0.15,0.17,0.2,0.22,0.24,0.258,0.272,0.284,0.293,0.298,0.3,0.295,0.279,0.25,0.21,0.15,0.08,0,-0.09,-0.19,-0.31,-0.54,-0.79,-0.92,-0.9,-0.86,-0.82,-0.78,-0.75,-0.71,-0.68,-0.64,-0.61,-0.57,-0.54,-0.51,-0.48,-0.45,-0.42,-0.4,-0.37,-0.35,-0.32,-0.3,-0.28,-0.25,-0.23,-0.214,-0.195,-0.178,-0.161,-0.144,-0.129,-0.115,-0.102,-0.089,-0.078,-0.067,-0.057,-0.047,-0.039,-0.032,-0.025,-0.019,-0.014,-0.01,-0.006,-0.003,-0.002,0,0
PARAM_FACEFIRE=0,0.73,1,0.27,0,0,1,0.49,0.86,1,0.41,0,1,0,1,0.08,1,0,1,0,1,0,0.33,0.45,0.09,0.29,0.93,0.09,0,0.99,0.33,0.94,0.39,0.19,0.28,0.46,1,0,0.73,1,0,0.37,0.51,0,0.73,1,0.08,1,0,1,0,1,0,1,0.08,1,0,1,0,1,0,0.33,0.45,0.09,0.29,0.93,0.09,0,0.99,0.33,0.94,0.09,0,0.99,0.33,0.94,0.39,0.19,0.28,0.46,1,0,0.73,1,0,0.37,0.51,0,0.73,1,0.08,1,0,1,0,1,0,1,0.08,1,0,1,0,1,0,0.09,0,0.99,0.33,0.94,0.09,0,0.99,0.33,0.94,0.39,0.19,0.28,0.46,1,0
PARAM_RIGHTARMFIRE=0,1,0.64,0.5,1,0.2,1,0,1,0,0.67,0.25,0.92,0.13,0.7,1,0,1,0,1,1,0.73,1,0,0,0.46,0,1,0.09,0.71,0.09,1,0.1,0.74,0.04,0.96,1,0,1,0.32,0.61,0.85,1,0.05,0.71,1,0,1,1,0.73,1,0,0,0.46,0,1,0.09,0.71,0.09,1,0.1,0.74,0.04,0.96,1,0,1,0.32,0.61,0.85,1,0.05,0.71,1,0,0,1,1,0.73,1,0,0,0.46,0,1,0.09,0.71,0.09,1,0.1,0.74,0.04,0.96,1,0,1,0.32,0.61,0.85,1,0.05,0.71,1,0,1,1,0.73,1,0,0,0.46,0,1,0.09,0.96,0.09,1,0.1,0.74,0.04,0
PARAM_LEFTARMFIRE=0,0.56,0.77,0.69,0.54,0.16,0.77,1,0.38,0.65,0.25,0.65,0.97,1,1,0.63,1,1,1,0.75,1,0,0.39,0.54,0.16,0.77,1,0.38,0.65,0.25,0.65,0.97,1,1,0.63,1,1,1,0.75,1,0,0.77,0.69,0.54,0.16,0.77,1,0.38,0.65,0.25,0.65,0.97,1,1,0.63,1,1,1,0.75,1,0,0.39,0.54,0.16,0.77,1,0.38,0.65,0.25,0.65,0.97,1,1,0.63,1,0.39,0.16,0.77,1,0.38,0.65,0.25,0.65,0.97,1,1,0.63,1,1,1,0.75,1,0,0.77,0.69,0.54,0.16,0.77,1,0.38,0.65,0.25,0.65,0.97,1,1,0.63,1,0.54,0.69,0.21,0.45,0.79,0.46,1,0.69,0.49,0.61,0.84,0.96,0
PARAM_BODYFIRE=0,0.35,0.56,0.68,0.68,0.25,0.8,1,0.42,0.66,0.29,0.7,0.81,0.82,0.6,0.32,1,0.95,0.85,0.51,1,0,0.49,0.68,0.25,0.8,1,0.42,0.66,0.29,0.69,0.81,0.82,0.6,0.32,1,0.95,0.85,0.51,1,0,0.56,0.67,0.68,0.25,0.8,1,0.42,0.66,0.29,0.69,0.81,0.82,0.6,0.32,1,0.95,0.85,0.51,1,0,0.49,0.68,0.25,0.8,1,0.42,0.66,0.29,0.69,0.81,0.82,0.6,0.32,1,0.45,0.25,0.8,1,0.42,0.66,0.29,0.69,0.81,0.82,0.6,0.32,1,0.95,0.85,0.51,1,0,0.56,0.67,0.68,0.25,0.8,1,0.42,0.66,0.29,0.69,0.81,0.82,0.6,0.32,1,0.51,0.77,0.35,0.52,0.74,0.42,0.88,0.65,0.54,0.66,0.88,1,0
PARAM_RIGHTTIGHTSFIRE=0,0.47,0.61,0.62,0.34,0.24,0.63,0.62,0.54,0.53,0.53,0.55,0.79,0.8,0.33,0.15,0.99,0.58,0.81,0.82,0.97,0.24,0.52,0.72,0.51,0.76,0.86,0.55,0.54,0.58,0.76,0.82,0.83,0.57,0.47,0.58,0.62,0.34,0.24,0.63,0.62,0.54,0.53,0.53,0.55,0.79,0.8,0.33,0.15,0.99,0.58,0.81,0.82,0.97,0.24,0.52,0.72,0.51,0.76,0.86,0.55,0.54,0.58,0.76,0.82,0.83,0.55,0.54,0.58,0.76,0.82,0.83,0.57,0.47,0.58,0.62,0.34,0.24,0.63,0.62,0.54,0.53,0.53,0.55,0.79,0.8,0.33,0.15,0.99,0.58,0.81,0.55,0.54,0.58,0.76,0.82,0.83,0.57,0.47,0.58,0.62,0.34,0.24,0.63,0.62,0.54,0.53,0.53,0.55,0.79,0.8,0.33,0.15,0.99,0.58,0.81,0.82,0.97,0.24,0.52,0
PARAM_LEFTTIGHTSFIRE=0,0.5,0.96,1,0.32,0.07,0.61,0.63,0.52,0.51,0.51,0.53,0.73,0.74,0.32,0.11,1,0.63,0.79,0.79,0.98,0.24,0.5,0.34,0.23,0.67,0.83,0.55,0.54,0.56,0.74,0.81,0.82,0.59,0.5,0.86,1,0.32,0.07,0.61,0.63,0.52,0.51,0.51,0.53,0.73,0.74,0.32,0.11,1,0.63,0.79,0.79,0.98,0.24,0.5,0.34,0.23,0.67,0.83,0.55,0.54,0.56,0.74,0.81,0.82,0.55,0.54,0.56,0.74,0.81,0.82,0.59,0.5,0.86,1,0.32,0.07,0.61,0.63,0.52,0.51,0.51,0.53,0.73,0.74,0.32,0.11,1,0.63,0.79,0.55,0.54,0.56,0.74,0.81,0.82,0.59,0.5,0.86,1,0.32,0.07,0.61,0.63,0.52,0.51,0.51,0.53,0.73,0.74,0.32,0.11,1,0.63,0.79,0.79,0.98,0.24,0.5,0
PARAM_RIGHTSHINFIRE=0,0.49,0.38,0.34,0.51,0.83,1,0.66,0.53,0.77,0.76,0.74,0.75,0.74,0.4,0.16,0.47,0.47,0.49,0.51,0.54,0.2,0.22,0.23,0.2,0.58,0.72,0.64,0.62,0.59,0.63,0.65,0.62,0.54,0.49,0.37,0.34,0.51,0.83,1,0.66,0.53,0.77,0.76,0.74,0.75,0.74,0.4,0.16,0.47,0.47,0.49,0.51,0.54,0.2,0.22,0.23,0.2,0.58,0.72,0.64,0.62,0.59,0.63,0.65,0.62,0.64,0.62,0.59,0.63,0.65,0.62,0.54,0.49,0.37,0.34,0.51,0.83,1,0.66,0.53,0.77,0.76,0.74,0.75,0.74,0.4,0.16,0.47,0.47,0.49,0.64,0.62,0.59,0.63,0.65,0.62,0.54,0.49,0.37,0.34,0.51,0.83,1,0.66,0.53,0.77,0.76,0.74,0.75,0.74,0.4,0.16,0.47,0.47,0.49,0.51,0.54,0.2,0.01,0
PARAM_LEFTSHINFIRE=0,0.71,0.8,0.81,0.36,0.19,0.28,0.43,0.69,0.69,0.7,0.69,0.72,0.72,0.38,0.15,0.41,0.42,0.42,0.4,0.41,0.19,0.23,0.25,0.19,0.4,0.52,0.54,0.54,0.53,0.61,0.64,0.57,0.64,0.71,0.8,0.81,0.36,0.19,0.28,0.43,0.69,0.69,0.7,0.69,0.72,0.72,0.38,0.15,0.41,0.42,0.42,0.4,0.41,0.19,0.23,0.25,0.19,0.4,0.52,0.54,0.54,0.53,0.61,0.64,0.57,0.54,0.54,0.53,0.61,0.64,0.57,0.64,0.71,0.8,0.81,0.36,0.19,0.28,0.43,0.69,0.69,0.7,0.69,0.72,0.72,0.38,0.15,0.41,0.42,0.42,0.54,0.54,0.53,0.61,0.64,0.57,0.64,0.71,0.8,0.81,0.36,0.19,0.28,0.43,0.69,0.69,0.7,0.69,0.72,0.72,0.38,0.15,0.41,0.42,0.42,0.4,0.41,0.19,0.02,0
PARAM_FIRE_HEAD=0,0.1,0.2,0.4,0.5,0.6,0.7,0.9,1,1.1,1.3,1.4,1.6,1.8,1.9,2,0,0.1,0.2,0.4,0.5,0.6,0.7,0.9,1,1.1,1.3,1.4,1.6,1.8,1.9,2,0,0.1,0.2,0.4,0.5,0.6,0.7,0.9,1,1.1,1.3,1.4,1.6,1.8,1.9,2,0,0.1,0.2,0.4,0.5,0.6,0.7,0.9,1,1.1,1.3,1.4,1.6,1.8,1.9,2,0,0.1,0.2,0.4,0.5,0.6,0.7,0.9,1,1.1,1.3,1.4,1.6,1.8,1.9,2,0,0.1,0.2,0.4,0.5,0.6,0.7,0.9,1,1.1,1.3,1.4,1.6,1.8,1.9,2,0,0.1,0.2,0.4,0.5,0.6,0.7,0.9,1,1.1,1.3,1.4,1.6,0,0.1,0.2,0.4,0.5,0.6,0.7,0.9,1,1.1,1.3,0
PARAM_FIRE_BODY=0,0.1,0.2,0.4,0.5,0.6,0.7,0.9,1,1.1,1.3,1.4,1.6,1.8,1.9,2,0,0.1,0.2,0.4,0.5,0.6,0.7,0.9,1,1.1,1.3,1.4,1.6,1.8,1.9,2,0,0.1,0.2,0.4,0.5,0.6,0.7,0.9,1,1.1,1.3,1.4,1.6,1.8,1.9,2,0,0.1,0.2,0.4,0.5,0.6,0.7,0.9,1,1.1,1.3,1.4,1.6,1.8,1.9,2,0,0.1,0.2,0.4,0.5,0.6,0.7,0.9,1,1.1,1.3,1.4,1.6,1.8,1.9,2,0,0.1,0.2,0.4,0.5,0.6,0.7,0.9,1,1.1,1.3,1.4,1.6,1.8,1.9,2,0,0.1,0.2,0.4,0.5,0.6,0.7,0.9,1,1.1,1.3,1.4,1.6,1.8,1.9,2,0,0.1,0.2,0.4,0.5,0.6,0.7,0.9,0
PARAM_FIRE_BODY2=0,0.1,0.2,0.4,0.5,0.6,0.7,0.9,1,1.1,1.3,1.4,1.6,1.8,1.9,2,0,0.1,0.2,0.4,0.5,0.6,0.7,0.9,1,1.1,1.3,1.4,1.6,1.8,1.9,2,0,0.1,0.2,0.4,0.5,0.6,0.7,0.9,1,1.1,1.3,1.4,1.6,1.8,1.9,2,0,0.1,0.2,0.4,0.5,0.6,0.7,0.9,1,1.1,1.3,1.4,1.6,1.8,1.9,2,0,0.1,0.2,0.4,0.5,0.6,0.7,0.9,1,1.1,1.3,1.4,1.6,1.8,1.9,2,0,0.1,0.2,0.4,0.5,0.6,0.7,0.9,1,1.1,1.3,1.4,1.6,1.8,1.9,2,0,0.1,0.2,0.4,0.5,0.6,0.7,0.9,1,1.1,0,0.1,0.2,0.4,0.5,0.6,0.7,0.9,1,1.1,1.3,1.4,1.6,1.8,0
PARAM_FIRE_RIGHTARM=0,0.1,0.2,0.4,0.5,0.6,0.7,0.9,1,1.1,1.3,1.4,1.6,1.8,1.9,2,0,0.1,0.2,0.4,0.5,0.6,0.7,0.9,1,1.1,1.3,1.4,1.6,1.8,1.9,2,0,0.1,0.2,0.4,0.5,0.6,0.7,0.9,1,1.1,1.3,1.4,1.6,1.8,1.9,2,0,0.1,0.2,0.4,0.5,0.6,0.7,0.9,1,1.1,1.3,1.4,1.6,1.8,1.9,2,0,0.1,0.2,0.4,0.5,0.6,0.7,0.9,1,1.1,1.3,1.4,1.6,1.8,1.9,2,0,0.1,0.2,0.4,0.5,0.6,0.7,0.9,1,1.1,1.3,1.4,1.6,1.8,1.9,2,0,0.1,0.2,0.4,0.5,0.6,0.7,0.9,1,1.1,1.3,1.4,1.6,1.8,1.9,2,0.2,0.5,0.7,0.88,1.02,1.32,1.46,1.9,0
PARAM_FIRE_LEFTARM=0,0.1,0.2,0.4,0.5,0.6,0.7,0.9,1,1.1,1.3,1.4,1.6,1.8,1.9,2,0,0.1,0.2,0.4,0.5,0.6,0.7,0.9,1,1.1,1.3,1.4,1.6,1.8,1.9,2,0,0.1,0.2,0.4,0.5,0.6,0.7,0.9,1,1.1,1.3,1.4,1.6,1.8,1.9,2,0,0.1,0.2,0.4,0.5,0.6,0.7,0.9,1,1.1,1.3,1.4,1.6,1.8,1.9,2,0,0.1,0.2,0.4,0.5,0.6,0.7,0.9,1,1.1,1.3,1.4,1.6,1.8,1.9,2,0,0.1,0.2,0.4,0.5,0.6,0.7,0.9,1,1.1,1.3,1.4,1.6,1.8,1.9,2,0,0.1,0.2,0.4,0.5,0.7,0.9,1.1,1.3,1.6,1.9,2,0,0.1,0.2,0.4,0.5,0.6,0.7,0.9,1,1.1,1.3,1.4,0
PARAM_FIRE_LEFTTIGHTS=0,0.1,0.2,0.4,0.5,0.6,0.7,0.9,1,1.1,1.3,1.4,1.6,1.8,1.9,2,0,0.1,0.2,0.4,0.5,0.6,0.7,0.9,1,1.1,1.3,1.4,1.6,1.8,1.9,2,0,0.1,0.2,0.4,0.5,0.6,0.7,0.9,1,1.1,1.3,1.4,1.6,1.8,1.9,2,0,0.1,0.2,0.4,0.5,0.6,0.7,0.9,1,1.1,1.3,1.4,1.6,1.8,1.9,2,0,0.1,0.2,0.4,0.5,0.6,0.7,0.9,1,1.1,1.3,1.4,1.6,1.8,1.9,2,0,0.1,0.2,0.4,0.5,0.6,0.7,0.9,1,1.1,1.3,1.4,1.6,1.8,1.9,2,0,0.1,0.2,0.4,0.5,0.6,0.7,0.9,1,1.1,1.3,1.4,1.6,1.8,1.9,2,0,0.1,0.2,0.4,0.5,0.6,0.7,0.9,0
PARAM_FIRE_RIGHTTIGHTS1=0,0.1,0.2,0.4,0.5,0.6,0.7,0.9,1,1.1,1.3,1.4,1.6,1.8,1.9,2,0,0.1,0.2,0.4,0.5,0.6,0.7,0.9,1,1.1,1.3,1.4,1.6,1.8,1.9,2,0,0.1,0.2,0.4,0.5,0.6,0.7,0.9,1,1.1,1.3,1.4,1.6,1.8,1.9,2,0,0.1,0.2,0.4,0.5,0.6,0.7,0.9,1,1.1,1.3,1.4,1.6,1.8,1.9,2,0,0.1,0.2,0.4,0.5,0.6,0.7,0.9,1,1.1,1.3,1.4,1.6,1.8,1.9,2,0,0.1,0.2,0.4,0.5,0.6,0.7,0.9,1,1.1,1.3,1.4,1.6,1.8,1.9,2,0,0.1,0.2,0.4,0.5,0.6,0.7,0.9,1,1.1,1.3,1.4,1.6,1.8,1.9,2,0,0.1,0.2,0.4,0.5,0.6,0.7,0.9,0
PARAM_FIRE_RIGHTTIGHTS2=0,0.1,0.2,0.4,0.5,0.6,0.7,0.9,1,1.1,1.3,1.4,1.6,1.8,1.9,2,0,0.1,0.2,0.4,0.5,0.6,0.7,0.9,1,1.1,1.3,1.4,1.6,1.8,1.9,2,0,0.1,0.2,0.4,0.5,0.6,0.7,0.9,1,1.1,1.3,1.4,1.6,1.8,1.9,2,0,0.1,0.2,0.4,0.5,0.6,0.7,0.9,1,1.1,1.3,1.4,1.6,1.8,1.9,2,0,0.1,0.2,0.4,0.5,0.6,0.7,0.9,1,1.1,1.3,1.4,1.6,1.8,1.9,2,0,0.1,0.2,0.4,0.5,0.6,0.7,0.9,1,1.1,1.3,1.4,1.6,1.8,1.9,2,0,0.1,0.2,0.4,0.5,0.6,0.7,0.9,1,1.1,1.3,1.4,1.6,1.8,1.9,2,0,0.1,0.2,0.4,0.5,0.6,0.7,0.9,0
PARAM_FIRE_RIGHTSHIN=0,0.1,0.2,0.4,0.5,0.6,0.7,0.9,1,1.1,1.3,1.4,1.6,1.8,1.9,2,0,0.1,0.2,0.4,0.5,0.6,0.7,0.9,1,1.1,1.3,1.4,1.6,1.8,1.9,2,0,0.1,0.2,0.4,0.5,0.6,0.7,0.9,1,1.1,1.3,1.4,1.6,1.8,1.9,2,0,0.1,0.2,0.4,0.5,0.6,0.7,0.9,1,1.1,1.3,1.4,1.6,1.8,1.9,2,0,0.1,0.2,0.4,0.5,0.6,0.7,0.9,1,1.1,1.3,1.4,1.6,1.8,1.9,2,0,0.1,0.2,0.4,0.5,0.6,0.7,0.9,1,1.1,1.3,1.4,1.6,1.8,1.9,2,0,0.1,0.2,0.4,0.5,0.6,0.7,0.9,1,1.1,1.3,1.4,1.6,1.8,1.9,2,0,0.1,0.2,0.4,0.5,0.6,0.7,0.9,0
PARAM_FIRE_LEFTSHIN=0,0.1,0.2,0.4,0.5,0.6,0.7,0.9,1,1.1,1.3,1.5,1.6,1.8,1.9,2,0,0.1,0.2,0.4,0.5,0.6,0.7,0.9,1,1.1,1.3,1.5,1.6,1.8,1.9,2,0,0.1,0.2,0.4,0.5,0.6,0.7,0.9,1,1.1,1.3,1.5,1.6,1.8,1.9,2,0,0.1,0.2,0.4,0.5,0.6,0.7,0.9,1,1.1,1.3,1.5,1.6,1.8,1.9,2,0,0.1,0.2,0.4,0.5,0.6,0.7,0.9,1,1.1,1.3,1.5,1.6,1.8,1.9,2,0,0.1,0.2,0.4,0.5,0.6,0.7,0.9,1,1.1,1.3,1.5,1.6,1.8,1.9,2,0,0.1,0.2,0.4,0.5,0.6,0.7,0.9,1,1.1,1.3,1.5,1.6,1.8,1.9,2,0,0.1,0.2,0.4,0.5,0.6,0.7,0.9,0
PARAM_FIRE_RIGHTANKLE=0,0.1,0.2,0.4,0.5,0.6,0.7,0.9,1,1.1,1.3,1.4,1.6,1.8,1.9,2,0,0.1,0.2,0.4,0.5,0.6,0.7,0.9,1,1.1,1.3,1.4,1.6,1.8,1.9,2,0,0.1,0.2,0.4,0.5,0.6,0.7,0.9,1,1.1,1.3,1.4,1.6,1.8,1.9,2,0,0.1,0.2,0.4,0.5,0.6,0.7,0.9,1,1.1,1.3,1.4,1.6,1.8,1.9,2,0,0.1,0.2,0.4,0.5,0.6,0.7,0.9,1,1.1,1.3,1.4,1.6,1.8,1.9,2,0,0.1,0.2,0.4,0.5,0.6,0.7,0.9,1,1.1,1.3,1.4,1.6,1.8,1.9,2,0,0.1,0.2,0.4,0.5,0.6,0.7,0.9,1,1.1,1.3,1.4,1.6,1.8,1.9,2,0,0.1,0.2,0.4,0.5,0.6,0.7,0.9,0
PARAM_FIRE_LEFTANKLE=0,0.1,0.2,0.4,0.5,0.6,0.7,0.9,1,1.1,1.3,1.5,1.6,1.8,1.9,2,0,0.1,0.2,0.4,0.5,0.6,0.7,0.9,1,1.1,1.3,1.5,1.6,1.8,1.9,2,0,0.1,0.2,0.4,0.5,0.6,0.7,0.9,1,1.1,1.3,1.5,1.6,1.8,1.9,2,0,0.1,0.2,0.4,0.5,0.6,0.7,0.9,1,1.1,1.3,1.5,1.6,1.8,1.9,2,0,0.1,0.2,0.4,0.5,0.6,0.7,0.9,1,1.1,1.3,1.5,1.6,1.8,1.9,2,0,0.1,0.2,0.4,0.5,0.6,0.7,0.9,1,1.1,1.3,1.5,1.6,1.8,1.9,2,0,0.1,0.2,0.4,0.5,0.6,0.7,0.9,1,1.1,1.3,1.5,1.6,1.8,1.9,2,0,0.1,0.2,0.4,0.5,0.6,0.7,0.9,0
VISIBLE:PSD=1
VISIBLE:ROUGH=1
VISIBLE:PARTS_01_FACE_001=1
VISIBLE:PARTS_01_EYE_001=1
VISIBLE:PARTS_01_EYE_BALL_001=1
VISIBLE:PARTS_01_BROW_001=1
VISIBLE:PARTS_01_MOUTH_001=1
VISIBLE:PARTS_01_NOSE_001=1
VISIBLE:PARTS_01_EAR_001=1
VISIBLE:PARTS_01_HAIR_FRONT_001=1
VISIBLE:PARTS_01_HAIR_SIDE_001=1
VISIBLE:PARTS_01_HAIR_BACK_001=1
VISIBLE:PARTS_01_NECK=1
VISIBLE:PARTS_01_BODY=1
VISIBLE:PARTS_01_BACKGROUND=1
VISIBLE:PARTS_01_SKETCH=1