# Live2D Animator Motion Data
$fps=30

$fadein=200

$fadeout=0

PARAM_ANGLE_X=0,-0.2,-0.74,-1.56,-2.57,-3.69,-4.88,-6.04,-7.11,-8,-8.8,-9.57,-10.28,-10.98,-11.64,-12.27,-12.89,-13.49,-14.08,-14.66,-15.24,-15.8,-16.38,-16.95,-17.54,-18.13,-18.74,-19.36,-20,-20.74,-21.45,-22.14,-22.81,-23.45,-24.07,-24.67,-25.23,-25.76,-26.27,-26.74,-27.19,-27.6,-27.98,-28.33,-28.65,-28.93,-29.18,-29.4,-29.58,-29.73,-29.85,-29.93,-29.98,-30,-29.72,-29.04,-28.21,-27.4,-26.75,-26.34,-26.2
PARAM_ANGLE_Y=0,-0.69,-2.55,-5.26,-8.48,-11.84,-15.13,-17.97,-20.04,-21,-21.32,-21.55,-21.71,-21.83,-21.91,-21.96,-21.99,-22,-22.003,-22.002,-22,-21.2,-19.05,-15.76,-11.59,-6.88,-1.77,3.4,8.42,13.11,17.37,21,23.91,26,27.98,29.08,29.71,30,30,30,30,30,29.59,28.41,26.61,24.2,21.37,18.17,14.69,11.09,7.4,3.69,0.12,-3.24,-6.37,-9.15,-11.56,-13.51,-14.95,-15.85,-16.16
PARAM_ANGLE_Z=0,-0.05,-0.18,-0.39,-0.65,-0.94,-1.27,-1.61,-1.95,-2.3,-2.63,-2.95,-3.24,-3.49,-3.7,-3.86,-3.96,-4,-3.9,-3.61,-3.17,-2.61,-1.95,-1.22,-0.48,0.28,1.02,1.73,2.36,2.92,3.38,3.72,3.93,4,3.95,3.8,3.55,3.23,2.82,2.36,1.83,1.25,0.64,-0.02,-0.71,-1.42,-2.14,-2.86,-3.58,-4.29,-4.98,-5.64,-6.25,-6.83,-7.36,-7.82,-8.23,-8.55,-8.8,-8.95,-9
PARAM_EYE_R_OPEN=1,1,0.999,0.998,0.997,0.995,0.992,0.989,0.985,0.981,0.976,0.971,0.965,0.958,0.951,0.943,0.934,0.924,0.914,0.903,0.891,0.878,0.865,0.85,0.835,0.819,0.802,0.783,0.764,0.744,0.72,0.7,0.68,0.65,0.63,0.6,0.55,0.49,0.42,0.35,0.27,0.2,0.13,0.08,0.04,0.01,0,0,0,0,0,0,0,0,0,0,0,0,0,0,0
PARAM_EYE_R_SMILE=0
PARAM_EYE_L_OPEN=1,1,0.999,0.998,0.997,0.995,0.992,0.989,0.985,0.981,0.976,0.971,0.965,0.958,0.951,0.943,0.934,0.924,0.914,0.903,0.891,0.878,0.865,0.85,0.835,0.819,0.802,0.783,0.764,0.744,0.72,0.7,0.68,0.65,0.63,0.6,0.55,0.49,0.42,0.35,0.27,0.2,0.13,0.08,0.04,0.01,0,0,0,0,0,0,0,0,0,0,0,0,0,0,0
PARAM_EYE_L_SMILE=0
PARAM_EYE_BALL_X=0,-0.003,-0.011,-0.024,-0.041,-0.06,-0.09,-0.11,-0.15,-0.18,-0.21,-0.25,-0.29,-0.33,-0.37,-0.41,-0.45,-0.49,-0.53,-0.57,-0.61,-0.65,-0.68,-0.72,-0.75,-0.78,-0.81,-0.84,-0.86,-0.88,-0.898,-0.913,-0.927,-0.94,-0.951,-0.961,-0.969,-0.977,-0.983,-0.988,-0.992,-0.995,-0.998,-1,-1,-1,-1,-1,-1,-1,-1,-1,-1,-1,-0.991,-0.97,-0.94,-0.91,-0.89,-0.878,-0.873
PARAM_EYE_BALL_Y=0,-0.001,-0.003,-0.006,-0.011,-0.017,-0.025,-0.034,-0.044,-0.055,-0.068,-0.082,-0.097,-0.113,-0.131,-0.15,-0.17,-0.19,-0.21,-0.24,-0.26,-0.29,-0.32,-0.34,-0.37,-0.4,-0.44,-0.47,-0.5,-0.54,-0.58,-0.61,-0.65,-0.68,-0.71,-0.74,-0.77,-0.79,-0.82,-0.84,-0.86,-0.88,-0.902,-0.919,-0.934,-0.948,-0.96,-0.971,-0.98,-0.987,-0.993,-0.997,-0.999,-1,-0.991,-0.97,-0.94,-0.91,-0.89,-0.878,-0.873
PARAM_BROW_R_Y=0,0.001,0.002,0.005,0.009,0.014,0.02,0.027,0.034,0.042,0.05,0.06,0.069,0.079,0.089,0.099,0.11,0.12,0.131,0.141,0.151,0.161,0.17,0.18,0.188,0.196,0.203,0.21,0.216,0.221,0.225,0.228,0.229,0.23,0.225,0.212,0.19,0.16,0.13,0.09,0.04,-0.01,-0.06,-0.12,-0.18,-0.24,-0.31,-0.37,-0.43,-0.5,-0.56,-0.61,-0.67,-0.72,-0.76,-0.81,-0.84,-0.87,-0.89,-0.904,-0.909
PARAM_BROW_R_ANGLE=0,-0.009,-0.03,-0.07,-0.12,-0.17,-0.22,-0.28,-0.33,-0.38,-0.41,-0.44,-0.45,-0.452,-0.453,-0.454,-0.456,-0.457,-0.458,-0.46,-0.461,-0.462,-0.463,-0.464,-0.465,-0.466,-0.467,-0.468,-0.469,-0.47,-0.47,-0.471,-0.472,-0.473,-0.473,-0.474,-0.474,-0.475,-0.475,-0.476,-0.476,-0.477,-0.477,-0.477,-0.478,-0.478,-0.478,-0.479,-0.479,-0.479,-0.479,-0.479,-0.48,-0.48,-0.48,-0.48,-0.48,-0.48,-0.48,-0.48,-0.48
PARAM_BROW_L_Y=0,0.001,0.003,0.006,0.01,0.015,0.022,0.029,0.037,0.046,0.055,0.065,0.075,0.086,0.097,0.108,0.119,0.131,0.142,0.153,0.164,0.175,0.185,0.195,0.204,0.213,0.221,0.228,0.235,0.24,0.244,0.247,0.249,0.25,0.245,0.232,0.21,0.18,0.15,0.1,0.06,0.01,-0.05,-0.11,-0.17,-0.23,-0.3,-0.36,-0.42,-0.49,-0.55,-0.61,-0.66,-0.71,-0.76,-0.8,-0.84,-0.87,-0.89,-0.902,-0.907
PARAM_BROW_L_ANGLE=0,-0.009,-0.03,-0.07,-0.12,-0.18,-0.24,-0.29,-0.35,-0.4,-0.44,-0.46,-0.47,-0.47,-0.47,-0.47,-0.47,-0.47,-0.47,-0.47,-0.47,-0.47,-0.47,-0.47,-0.47,-0.47,-0.47,-0.47,-0.47,-0.47,-0.47,-0.47,-0.47,-0.47,-0.47,-0.47,-0.47,-0.47,-0.47,-0.47,-0.47,-0.47,-0.47,-0.47,-0.47,-0.47,-0.47,-0.47,-0.47,-0.47,-0.47,-0.47,-0.47,-0.47,-0.47,-0.47,-0.47,-0.47,-0.47,-0.47,-0.47
PARAM_MOUTH_FORM=0
PARAM_MOUTH_OPEN_Y=0,0,0,0,0,0,0,0,0,0,0,0,0,0,0,0,0,0,0,0,0,0,0,0,0,0,0,0.001,0.003,0.006,0.008,0.012,0.016,0.02,0.025,0.03,0.035,0.04,0.046,0.052,0.057,0.063,0.069,0.075,0.081,0.087,0.093,0.098,0.103,0.109,0.114,0.118,0.122,0.126,0.13,0.133,0.135,0.137,0.139,0.14,0.14
PARAM_BODY_ANGLE_X=0,0.06,0.24,0.52,0.88,1.3,1.76,2.25,2.75,3.24,3.7,4.12,4.48,4.76,4.94,5,4.96,4.86,4.7,4.47,4.2,3.87,3.5,3.08,2.64,2.16,1.65,1.12,0.57,0.01,-0.56,-1.14,-1.72,-2.29,-2.86,-3.42,-3.96,-4.48,-4.98,-5.45,-5.9,-6.31,-6.68,-7.01,-7.3,-7.54,-7.74,-7.88,-7.97,-8,-7.92,-7.71,-7.43,-7.1,-6.76,-6.43,-6.11,-5.84,-5.63,-5.49,-5.44
PARAM_BODY_ANGLE_Y=0,-0.005,-0.021,-0.05,-0.1,-0.18,-0.28,-0.41,-0.57,-0.78,-1.02,-1.31,-1.65,-2.05,-2.49,-3,-3.55,-4.1,-4.65,-5.19,-5.72,-6.25,-6.76,-7.25,-7.71,-8.15,-8.55,-8.91,-9.22,-9.49,-9.71,-9.87,-9.97,-10,-9.97,-9.88,-9.73,-9.52,-9.26,-8.94,-8.57,-8.16,-7.69,-7.17,-6.61,-6,-5.4,-4.84,-4.32,-3.85,-3.43,-3.05,-2.71,-2.42,-2.17,-1.96,-1.78,-1.65,-1.55,-1.5,-1.481
PARAM_BODY_ANGLE_Z=0,-0.06,-0.22,-0.46,-0.76,-1.1,-1.46,-1.81,-2.13,-2.42,-2.66,-2.85,-2.96,-3,-2.981,-2.92,-2.83,-2.71,-2.55,-2.37,-2.17,-1.95,-1.71,-1.45,-1.17,-0.89,-0.59,-0.3,0,0.3,0.59,0.89,1.17,1.45,1.71,1.95,2.17,2.37,2.55,2.71,2.83,2.92,2.98,3,2.98,2.93,2.85,2.75,2.63,2.51,2.37,2.24,2.1,1.97,1.85,1.74,1.64,1.55,1.49,1.45,1.438
PARAM_BREAST=0,-0.002,-0.008,-0.017,-0.028,-0.043,-0.06,-0.08,-0.1,-0.12,-0.15,-0.17,-0.2,-0.22,-0.25,-0.28,-0.3,-0.33,-0.35,-0.37,-0.392,-0.411,-0.428,-0.443,-0.456,-0.466,-0.474,-0.478,-0.48,-0.465,-0.42,-0.36,-0.27,-0.17,-0.06,0.05,0.16,0.27,0.38,0.47,0.56,0.63,0.68,0.71,0.72,0.71,0.68,0.64,0.59,0.53,0.46,0.39,0.31,0.24,0.18,0.12,0.06,0.02,-0.01,-0.03,-0.04
PARAM_RIBBON=0,-0.002,-0.008,-0.017,-0.029,-0.044,-0.062,-0.081,-0.1,-0.13,-0.15,-0.18,-0.2,-0.23,-0.26,-0.28,-0.31,-0.33,-0.36,-0.38,-0.4,-0.42,-0.437,-0.453,-0.466,-0.476,-0.484,-0.488,-0.49,-0.48,-0.45,-0.41,-0.35,-0.28,-0.21,-0.13,-0.06,0.02,0.09,0.15,0.21,0.26,0.29,0.31,0.32,0.312,0.29,0.26,0.22,0.17,0.11,0.06,0,-0.06,-0.11,-0.16,-0.2,-0.23,-0.26,-0.275,-0.28
PARAM_HAIR_FRONT=0,-0.003,-0.011,-0.025,-0.043,-0.06,-0.09,-0.12,-0.15,-0.18,-0.22,-0.25,-0.29,-0.32,-0.35,-0.39,-0.42,-0.45,-0.48,-0.5,-0.53,-0.545,-0.56,-0.571,-0.578,-0.58,-0.574,-0.557,-0.53,-0.49,-0.45,-0.39,-0.33,-0.27,-0.2,-0.13,-0.06,0.02,0.1,0.17,0.24,0.31,0.37,0.43,0.49,0.53,0.57,0.6,0.614,0.62,0.614,0.598,0.58,0.55,0.52,0.5,0.47,0.45,0.436,0.425,0.421
PARAM_HAIR_SIDE=0,-0.002,-0.009,-0.02,-0.034,-0.051,-0.072,-0.09,-0.12,-0.15,-0.17,-0.2,-0.24,-0.27,-0.3,-0.33,-0.36,-0.39,-0.41,-0.44,-0.47,-0.49,-0.508,-0.526,-0.542,-0.554,-0.563,-0.568,-0.57,-0.564,-0.547,-0.52,-0.48,-0.44,-0.39,-0.33,-0.27,-0.2,-0.13,-0.06,0.01,0.08,0.15,0.22,0.29,0.35,0.41,0.46,0.5,0.54,0.57,0.584,0.59,0.583,0.567,0.548,0.527,0.509,0.494,0.484,0.48
PARAM_HAIR_BACK=0,-0.002,-0.007,-0.017,-0.029,-0.044,-0.061,-0.081,-0.1,-0.13,-0.15,-0.18,-0.21,-0.23,-0.26,-0.29,-0.32,-0.35,-0.38,-0.4,-0.43,-0.45,-0.48,-0.5,-0.519,-0.537,-0.553,-0.566,-0.576,-0.584,-0.588,-0.59,-0.585,-0.572,-0.55,-0.52,-0.49,-0.44,-0.4,-0.35,-0.29,-0.24,-0.18,-0.12,-0.06,0,0.06,0.12,0.18,0.24,0.3,0.35,0.4,0.44,0.48,0.52,0.55,0.58,0.595,0.606,0.61
PARAM_SKIRT_R=0,-0.002,-0.008,-0.019,-0.032,-0.049,-0.068,-0.09,-0.11,-0.14,-0.17,-0.2,-0.23,-0.25,-0.29,-0.31,-0.34,-0.37,-0.4,-0.43,-0.45,-0.47,-0.491,-0.508,-0.521,-0.532,-0.538,-0.54,-0.535,-0.521,-0.5,-0.47,-0.43,-0.39,-0.34,-0.29,-0.23,-0.17,-0.11,-0.04,0.03,0.09,0.16,0.23,0.29,0.35,0.41,0.46,0.51,0.55,0.59,0.62,0.64,0.655,0.66,0.655,0.643,0.628,0.612,0.6,0.596
PARAM_SKIRT_L=0,-0.002,-0.007,-0.015,-0.027,-0.041,-0.057,-0.076,-0.1,-0.12,-0.14,-0.17,-0.19,-0.22,-0.25,-0.28,-0.3,-0.33,-0.36,-0.38,-0.41,-0.43,-0.45,-0.47,-0.493,-0.509,-0.523,-0.535,-0.543,-0.548,-0.55,-0.546,-0.536,-0.518,-0.49,-0.47,-0.43,-0.39,-0.35,-0.3,-0.25,-0.2,-0.15,-0.09,-0.04,0.02,0.08,0.13,0.19,0.24,0.29,0.34,0.39,0.43,0.47,0.51,0.53,0.56,0.576,0.586,0.59
PARAM_FUR=0,-0.001,-0.005,-0.011,-0.019,-0.029,-0.04,-0.053,-0.068,-0.083,-0.099,-0.116,-0.133,-0.151,-0.169,-0.187,-0.204,-0.221,-0.237,-0.252,-0.267,-0.28,-0.291,-0.301,-0.309,-0.315,-0.319,-0.32,-0.317,-0.308,-0.293,-0.274,-0.25,-0.22,-0.19,-0.16,-0.12,-0.09,-0.05,-0.01,0.03,0.07,0.1,0.14,0.17,0.2,0.23,0.25,0.273,0.288,0.297,0.3,0.298,0.291,0.281,0.27,0.258,0.247,0.237,0.231,0.228
PARAM_FUR_R=0,-0.001,-0.004,-0.009,-0.015,-0.023,-0.032,-0.043,-0.054,-0.067,-0.08,-0.094,-0.109,-0.124,-0.14,-0.155,-0.17,-0.186,-0.201,-0.216,-0.23,-0.243,-0.256,-0.267,-0.278,-0.287,-0.295,-0.301,-0.306,-0.309,-0.31,-0.307,-0.297,-0.282,-0.26,-0.24,-0.21,-0.18,-0.14,-0.1,-0.07,-0.03,0.02,0.06,0.1,0.13,0.17,0.21,0.24,0.27,0.29,0.31,0.327,0.337,0.34,0.338,0.331,0.323,0.315,0.309,0.307
PARAM_FUR_L=0,-0.001,-0.003,-0.007,-0.012,-0.019,-0.026,-0.035,-0.044,-0.055,-0.066,-0.078,-0.09,-0.103,-0.116,-0.13,-0.143,-0.157,-0.17,-0.184,-0.197,-0.21,-0.222,-0.234,-0.245,-0.256,-0.265,-0.274,-0.281,-0.288,-0.293,-0.297,-0.299,-0.3,-0.297,-0.29,-0.277,-0.261,-0.24,-0.22,-0.19,-0.16,-0.13,-0.1,-0.06,-0.02,0.01,0.05,0.08,0.12,0.16,0.19,0.22,0.25,0.28,0.3,0.321,0.337,0.35,0.357,0.36
PARAM_ARM_R=0,-0.006,-0.024,-0.05,-0.09,-0.13,-0.17,-0.22,-0.27,-0.31,-0.36,-0.4,-0.43,-0.46,-0.48,-0.496,-0.5,-0.498,-0.491,-0.48,-0.466,-0.449,-0.43,-0.41,-0.38,-0.36,-0.33,-0.31,-0.28,-0.26,-0.23,-0.21,-0.19,-0.167,-0.15,-0.134,-0.12,-0.107,-0.095,-0.084,-0.074,-0.066,-0.058,-0.051,-0.044,-0.039,-0.034,-0.03,-0.026,-0.023,-0.02,-0.018,-0.016,-0.015,-0.014,-0.013,-0.012,-0.012,-0.012,-0.011,-0.011
PARAM_ELBOW_R=0,0,0.001,0.002,0.003,0.004,0.006,0.008,0.011,0.013,0.016,0.019,0.023,0.026,0.029,0.033,0.036,0.04,0.044,0.048,0.051,0.055,0.059,0.063,0.066,0.07,0.073,0.076,0.08,0.082,0.085,0.088,0.09,0.092,0.094,0.096,0.097,0.099,0.099,0.1,0.1,0.099,0.098,0.096,0.093,0.09,0.086,0.082,0.078,0.073,0.069,0.065,0.06,0.056,0.053,0.049,0.047,0.044,0.042,0.041,0.041
PARAM_HAND_R=0,-0.015,-0.06,-0.12,-0.19,-0.26,-0.34,-0.4,-0.45,-0.48,-0.493,-0.505,-0.517,-0.528,-0.539,-0.549,-0.558,-0.567,-0.575,-0.583,-0.59,-0.597,-0.603,-0.609,-0.615,-0.62,-0.625,-0.629,-0.633,-0.637,-0.64,-0.643,-0.646,-0.648,-0.651,-0.653,-0.654,-0.656,-0.657,-0.658,-0.659,-0.659,-0.66,-0.66,-0.66,-0.656,-0.645,-0.628,-0.61,-0.58,-0.55,-0.52,-0.49,-0.46,-0.44,-0.41,-0.39,-0.373,-0.359,-0.351,-0.348
PARAM_ARM_L=0,0.003,0.012,0.028,0.048,0.07,0.1,0.13,0.17,0.2,0.24,0.28,0.32,0.36,0.4,0.44,0.47,0.51,0.54,0.57,0.59,0.613,0.628,0.637,0.64,0.639,0.634,0.627,0.618,0.606,0.593,0.577,0.559,0.54,0.52,0.5,0.47,0.45,0.43,0.4,0.37,0.35,0.32,0.29,0.27,0.24,0.21,0.19,0.17,0.14,0.12,0.1,0.081,0.063,0.047,0.034,0.022,0.013,0.006,0.001,0
PARAM_ELBOW_L=0
PARAM_HAND_L=0,-0.001,-0.005,-0.011,-0.018,-0.028,-0.039,-0.052,-0.066,-0.081,-0.097,-0.114,-0.132,-0.15,-0.169,-0.188,-0.208,-0.228,-0.247,-0.267,-0.285,-0.304,-0.323,-0.34,-0.357,-0.373,-0.388,-0.402,-0.414,-0.426,-0.436,-0.444,-0.451,-0.456,-0.459,-0.46,-0.458,-0.451,-0.44,-0.426,-0.409,-0.389,-0.37,-0.34,-0.32,-0.29,-0.26,-0.23,-0.21,-0.18,-0.15,-0.13,-0.1,-0.08,-0.061,-0.043,-0.028,-0.016,-0.007,-0.002,0
PARAM_FOOT_R=0
PARAM_FOOT_L=0,0,0,0.001,0.001,0.002,0.003,0.004,0.005,0.006,0.008,0.009,0.011,0.012,0.014,0.016,0.017,0.019,0.021,0.023,0.025,0.027,0.028,0.03,0.032,0.034,0.035,0.037,0.038,0.04,0.041,0.043,0.044,0.045,0.046,0.046,0.047,0.047,0.048,0.048,0.047,0.047,0.045,0.043,0.041,0.039,0.036,0.033,0.029,0.026,0.023,0.02,0.016,0.013,0.011,0.008,0.006,0.004,0.003,0.002,0.001
PARAM_BODY_2=0
PARAM_ELBOW_ORDER=0
PARAM_KBUTO=0
VISIBLE:PARTS_01_HAIR_BACK_001=1
VISIBLE:PARTS_01_BODY=1
VISIBLE:PARTS_01_FACE_001=1
VISIBLE:PARTS_01_MOUTH_001=1
VISIBLE:PARTS_01_HAIR_SIDE_001=1
VISIBLE:PARTS_01_HAIR_FRONT_001=1
VISIBLE:PARTS_01_EYE_BALL_001=1
VISIBLE:PARTS_01_EYE_001=1
VISIBLE:PARTS_01_BROW_001=1