# Live2D Animator Motion Data
$fps=30

$fadein=300

$fadeout=0

PARAM_ANGLE_X=0,0,0,0,0,0,0,0,0,0,0,0,0,0,0,0,0,0,0,0,0,0,0,0,0,0,0,0.06,0.22,0.48,0.81,1.22,1.68,2.18,2.71,3.27,3.84,4.43,5.01,5.57,6.13,6.65,7.14,7.58,7.99,8.33,8.61,8.82,8.95,9,8.985,8.94,8.87,8.77,8.65,8.51,8.35,8.17,7.96,7.75,7.52,7.27,7.01,6.75,6.47,6.19,5.9,5.6,5.3,4.99,4.69,4.39,4.08,3.78,3.48,3.19,2.9,2.62,2.34,2.08,1.83,1.58,1.35,1.14,0.94,0.75,0.59,0.44,0.31,0.2,0.12,0.05,0.01,0,0,0,0,0,0,0,0,0,0,0,0,0,0,0,1.05,3.32,6.14,9.08,11.75,13.97,15.45,16,14.62,11.01,5.8,-0.15,-6.34,-12.11,-17.03,-20.79,-23.16,-24,-20.46,-12.81,-3.28,6.63,15.67,23.16,28.14,30,29.62,28.61,27.07,25.15,22.93,20.51,17.93,15.35,12.72,10.24,7.88,5.71,3.8,2.23,1.03,0.27,0
PARAM_ANGLE_Y=0,0.15,0.56,1.21,2.07,3.1,4.31,5.64,7.08,8.58,10.18,11.8,13.46,15.14,16.76,18.37,19.94,21.42,22.83,24.15,25.33,26.38,27.27,28,28.54,28.88,29,28.996,28.978,28.94,28.86,28.73,28.56,28.31,28,27.6,27.12,26.54,25.87,25.09,24.2,23.19,22.07,20.84,19.48,18,16.06,13.88,11.54,9,6.4,3.72,1.02,-1.63,-4.22,-6.73,-9.07,-11.21,-13.16,-14.86,-16.31,-17.46,-18.3,-18.82,-19,-18.63,-17.6,-16.01,-13.95,-11.57,-8.94,-6.24,-3.48,-0.8,1.77,4.06,6.09,7.75,8.97,9.74,10,6.99,-0.3,-10,-19.7,-26.99,-30,-27.93,-22.52,-14.7,-5.77,3.51,12.16,19.55,25.19,28.75,30,29.79,29.19,28.22,26.94,25.39,23.58,21.54,19.34,16.97,14.49,11.91,9.28,6.56,3.85,1.13,-1.56,-4.16,-6.74,-9.18,-11.5,-13.65,-15.66,-17.48,-19.06,-20.43,-21.51,-22.33,-22.83,-23,-22.88,-22.55,-22.01,-21.3,-20.43,-19.43,-18.29,-17.08,-15.79,-14.44,-13.08,-11.67,-10.29,-8.93,-7.59,-6.32,-5.13,-4.03,-3.03,-2.15,-1.4,-0.81,-0.37,-0.09,0
PARAM_ANGLE_Z=0,0.1,0.38,0.84,1.46,2.23,3.13,4.14,5.26,6.47,7.76,9.14,10.56,12.03,13.51,15,16.49,17.97,19.44,20.86,22.24,23.53,24.74,25.86,26.87,27.77,28.54,29.16,29.62,29.9,30,29.66,28.71,27.19,25.16,22.75,19.98,16.87,13.65,10.21,6.7,3.16,-0.26,-3.66,-6.86,-9.87,-12.58,-15,-17.08,-18.74,-19.98,-20.74,-21,-20.36,-18.54,-15.69,-12.06,-7.73,-3.02,1.96,7.04,12.02,16.73,21.06,24.69,27.54,29.36,30,29.89,29.57,29.05,28.34,27.47,26.43,25.26,23.95,22.55,21.03,19.44,17.75,16.03,14.27,12.46,10.64,8.81,7.01,5.2,3.46,1.75,0.1,-1.46,-2.97,-4.37,-5.66,-6.84,-7.88,-8.8,-9.56,-10.18,-10.63,-10.91,-11,-10.89,-10.56,-10.04,-9.33,-8.47,-7.47,-6.33,-5.08,-3.75,-2.33,-0.85,0.67,2.22,3.78,5.33,6.85,8.33,9.75,11.08,12.33,13.47,14.47,15.33,16.04,16.56,16.89,17,16.89,16.57,16.06,15.39,14.58,13.66,12.62,11.55,10.4,9.23,8.05,6.91,5.78,4.71,3.71,2.81,2,1.31,0.75,0.34,0.09,0
PARAM_EYE_R_OPEN=1,0.997,0.987,0.972,0.952,0.93,0.9,0.87,0.83,0.79,0.75,0.71,0.67,0.62,0.58,0.53,0.48,0.44,0.39,0.35,0.3,0.26,0.22,0.18,0.15,0.12,0.09,0.06,0.04,0.023,0.011,0.003,0,0,0,0,0,0,0,0,0,0,0,0,0,0,0,0,0,0,0,0,0,0,0,0,0,0,0,0,0,0,0,0,0,0,0,0,0.012,0.05,0.1,0.16,0.23,0.31,0.39,0.49,0.58,0.66,0.74,0.8,0.85,0.9,0.93,0.96,0.98,0.996,1,0.92,0.74,0.5,0.26,0.08,0,0,0.29,0.77,1.09,1.2,1.2,1.2,1.2,1.2,1.2,1.2,1.2,1.2,1.2,1.2,1.2,1.2,1.2,1.2,1.2,1.2,1.2,1.11,0.89,0.6,0.31,0.09,0,0,0,0,0,0,0,0,0,0,0,0,0,0,0,0.013,0.05,0.1,0.17,0.26,0.35,0.44,0.54,0.63,0.72,0.8,0.87,0.92,0.96,0.99,1
PARAM_EYE_R_SMILE=0,0,0,0,0,0,0,0,0,0,0,0,0,0,0,0,0,0,0,0,0,0,0,0,0,0,0,0,0,0,0,0,0,0,0,0,0,0,0,0,0,0,0,0,0,0,0,0,0,0,0,0,0,0,0,0,0,0,0,0,0,0,0,0,0,0,0,0,0,0,0,0,0,0,0,0,0,0,0,0,0,0,0,0,0,0,0,0,0,0,0,0,0,0,0,0,0,0,0,0,0,0,0,0,0,0,0,0,0,0,0,0,0,0,0,0.08,0.26,0.5,0.74,0.92,1,1,1,1,1,1,1,1,1,1,1,1,1,1,1,0.987,0.95,0.9,0.83,0.74,0.65,0.56,0.46,0.37,0.28,0.2,0.13,0.08,0.04,0.01,0
PARAM_EYE_L_OPEN=1,0.997,0.987,0.972,0.952,0.93,0.9,0.87,0.83,0.79,0.75,0.71,0.67,0.62,0.58,0.53,0.48,0.44,0.39,0.35,0.3,0.26,0.22,0.18,0.15,0.12,0.09,0.06,0.04,0.023,0.011,0.003,0,0,0,0,0,0,0,0,0,0,0,0,0,0,0,0,0,0,0,0,0,0,0,0,0,0,0,0,0,0,0,0,0,0,0,0,0.013,0.05,0.11,0.17,0.25,0.33,0.41,0.51,0.6,0.68,0.75,0.81,0.86,0.91,0.94,0.97,0.985,0.996,1,0.92,0.74,0.5,0.26,0.08,0,0,0.29,0.77,1.09,1.2,1.2,1.2,1.2,1.2,1.2,1.2,1.2,1.2,1.2,1.2,1.2,1.2,1.2,1.2,1.2,1.2,1.2,1.11,0.89,0.6,0.31,0.09,0,0,0,0,0,0,0,0,0,0,0,0,0,0,0,0.013,0.05,0.1,0.17,0.26,0.35,0.44,0.54,0.63,0.72,0.8,0.87,0.92,0.96,0.99,1
PARAM_EYE_L_SMILE=0,0,0,0,0,0,0,0,0,0,0,0,0,0,0,0,0,0,0,0,0,0,0,0,0,0,0,0,0,0,0,0,0,0,0,0,0,0,0,0,0,0,0,0,0,0,0,0,0,0,0,0,0,0,0,0,0,0,0,0,0,0,0,0,0,0,0,0,0,0,0,0,0,0,0,0,0,0,0,0,0,0,0,0,0,0,0,0,0,0,0,0,0,0,0,0,0,0,0,0,0,0,0,0,0,0,0,0,0,0,0,0,0,0,0,0.08,0.26,0.5,0.74,0.92,1,1,1,1,1,1,1,1,1,1,1,1,1,1,1,0.987,0.95,0.9,0.83,0.74,0.65,0.56,0.46,0.37,0.28,0.2,0.13,0.08,0.04,0.01,0
PARAM_EYE_BALL_X=0,0.002,0.007,0.015,0.026,0.04,0.055,0.073,0.093,0.11,0.14,0.16,0.18,0.21,0.23,0.26,0.28,0.31,0.33,0.36,0.38,0.41,0.43,0.45,0.469,0.486,0.502,0.516,0.528,0.537,0.544,0.549,0.55,0.548,0.542,0.533,0.521,0.505,0.487,0.47,0.44,0.42,0.39,0.36,0.33,0.3,0.27,0.23,0.2,0.16,0.13,0.09,0.06,0.03,-0.01,-0.04,-0.07,-0.1,-0.13,-0.16,-0.18,-0.2,-0.23,-0.245,-0.261,-0.275,-0.286,-0.294,-0.298,-0.3,-0.3,-0.299,-0.297,-0.295,-0.292,-0.289,-0.285,-0.281,-0.276,-0.271,-0.266,-0.26,-0.254,-0.248,-0.241,-0.234,-0.227,-0.22,-0.213,-0.206,-0.199,-0.192,-0.185,-0.178,-0.172,-0.166,-0.159,-0.153,-0.147,-0.141,-0.136,-0.13,-0.125,-0.119,-0.114,-0.109,-0.104,-0.099,-0.095,-0.09,-0.085,-0.081,-0.077,-0.073,-0.069,-0.065,-0.061,-0.058,-0.054,-0.051,-0.047,-0.044,-0.041,-0.038,-0.035,-0.033,-0.03,-0.027,-0.025,-0.023,-0.021,-0.019,-0.017,-0.015,-0.013,-0.012,-0.01,-0.009,-0.007,-0.006,-0.005,-0.004,-0.003,-0.002,-0.002,-0.001,-0.001,0,0,0,0
PARAM_EYE_BALL_Y=0,-0.003,-0.013,-0.028,-0.048,-0.07,-0.1,-0.13,-0.17,-0.21,-0.25,-0.29,-0.33,-0.38,-0.42,-0.47,-0.52,-0.56,-0.61,-0.65,-0.7,-0.74,-0.78,-0.82,-0.85,-0.88,-0.91,-0.94,-0.96,-0.977,-0.989,-0.997,-1,-1,-0.998,-0.996,-0.993,-0.989,-0.984,-0.977,-0.971,-0.962,-0.953,-0.943,-0.932,-0.92,-0.907,-0.893,-0.878,-0.862,-0.844,-0.826,-0.806,-0.79,-0.76,-0.74,-0.72,-0.69,-0.67,-0.64,-0.61,-0.58,-0.55,-0.52,-0.49,-0.46,-0.42,-0.38,-0.35,-0.31,-0.26,-0.22,-0.18,-0.14,-0.1,-0.07,-0.05,-0.028,-0.013,-0.003,0,0,0,0,0,0,0,0,0,0,0,0,0,0,0,0,0,0,0,0,0,0,0,0,0,0,0,0,0,0,0,0,0,0,0,0,0,0,0,0,0,0,0,0,0,0,0,0,0,0,0,0,0,0,0,0,0,0,0,0,0,0,0,0,0,0,0,0,0,0,0
PARAM_BROW_R_Y=0,0,0.001,0.003,0.005,0.008,0.011,0.015,0.019,0.024,0.029,0.035,0.041,0.048,0.054,0.062,0.07,0.078,0.086,0.095,0.104,0.113,0.122,0.132,0.142,0.152,0.163,0.173,0.184,0.195,0.205,0.216,0.227,0.238,0.249,0.261,0.272,0.283,0.294,0.305,0.315,0.326,0.337,0.347,0.358,0.368,0.378,0.388,0.397,0.406,0.415,0.424,0.432,0.44,0.448,0.456,0.462,0.469,0.475,0.481,0.486,0.491,0.495,0.499,0.502,0.505,0.507,0.509,0.51,0.51,0.501,0.48,0.43,0.38,0.32,0.25,0.17,0.09,0.01,-0.08,-0.16,-0.24,-0.31,-0.37,-0.42,-0.47,-0.49,-0.5,-0.4,-0.19,0.08,0.35,0.6,0.81,0.95,1,0.995,0.982,0.96,0.93,0.89,0.85,0.79,0.74,0.67,0.61,0.54,0.46,0.38,0.3,0.21,0.13,0.04,-0.05,-0.14,-0.22,-0.31,-0.4,-0.48,-0.56,-0.64,-0.71,-0.77,-0.82,-0.86,-0.9,-0.93,-0.95,-0.964,-0.977,-0.986,-0.993,-0.997,-0.999,-1,-1,-1,-0.981,-0.93,-0.86,-0.77,-0.67,-0.57,-0.46,-0.36,-0.26,-0.18,-0.11,-0.05,-0.01,0
PARAM_BROW_R_ANGLE=0,-0.002,-0.007,-0.015,-0.027,-0.04,-0.056,-0.074,-0.094,-0.12,-0.14,-0.16,-0.19,-0.21,-0.24,-0.26,-0.29,-0.32,-0.34,-0.37,-0.39,-0.41,-0.44,-0.46,-0.477,-0.495,-0.511,-0.525,-0.537,-0.547,-0.554,-0.558,-0.56,-0.56,-0.559,-0.559,-0.558,-0.556,-0.555,-0.553,-0.55,-0.548,-0.545,-0.541,-0.537,-0.533,-0.529,-0.524,-0.519,-0.514,-0.508,-0.502,-0.495,-0.488,-0.481,-0.473,-0.465,-0.456,-0.447,-0.438,-0.428,-0.418,-0.407,-0.396,-0.385,-0.373,-0.361,-0.348,-0.335,-0.321,-0.307,-0.293,-0.278,-0.262,-0.247,-0.23,-0.214,-0.197,-0.179,-0.161,-0.142,-0.124,-0.104,-0.08,-0.064,-0.04,-0.02,0,0.05,0.13,0.21,0.29,0.37,0.43,0.47,0.48,0.478,0.471,0.459,0.444,0.426,0.4,0.38,0.36,0.33,0.3,0.27,0.24,0.21,0.18,0.15,0.12,0.1,0.08,0.05,0.036,0.021,0.009,0.002,0,0,0,0,0,0,0,0,0,0,0,0,0,0,0,0,0,0,0,0,0,0,0,0,0,0,0,0,0,0,0,0
PARAM_BROW_L_Y=0,0,0.001,0.003,0.005,0.008,0.012,0.016,0.02,0.026,0.031,0.037,0.044,0.051,0.059,0.067,0.075,0.084,0.093,0.102,0.112,0.122,0.132,0.143,0.153,0.164,0.176,0.187,0.198,0.21,0.222,0.233,0.245,0.257,0.269,0.281,0.293,0.305,0.317,0.328,0.34,0.352,0.363,0.374,0.386,0.397,0.407,0.418,0.428,0.438,0.448,0.457,0.466,0.475,0.483,0.491,0.499,0.506,0.513,0.519,0.524,0.53,0.534,0.538,0.542,0.545,0.547,0.549,0.55,0.55,0.541,0.51,0.47,0.42,0.36,0.29,0.21,0.12,0.04,-0.04,-0.13,-0.21,-0.28,-0.34,-0.39,-0.43,-0.46,-0.47,-0.37,-0.17,0.09,0.36,0.61,0.81,0.95,1,0.995,0.982,0.96,0.93,0.9,0.85,0.8,0.75,0.69,0.62,0.55,0.48,0.4,0.32,0.23,0.15,0.06,-0.02,-0.11,-0.2,-0.29,-0.37,-0.46,-0.54,-0.63,-0.7,-0.76,-0.81,-0.85,-0.89,-0.92,-0.94,-0.959,-0.973,-0.983,-0.991,-0.995,-0.998,-0.999,-1,-1,-0.981,-0.93,-0.86,-0.77,-0.67,-0.57,-0.46,-0.36,-0.26,-0.18,-0.11,-0.05,-0.01,0
PARAM_BROW_L_ANGLE=0,-0.002,-0.007,-0.015,-0.025,-0.038,-0.053,-0.07,-0.089,-0.109,-0.13,-0.15,-0.18,-0.2,-0.22,-0.25,-0.27,-0.3,-0.32,-0.35,-0.37,-0.39,-0.41,-0.433,-0.452,-0.468,-0.484,-0.497,-0.509,-0.518,-0.524,-0.529,-0.53,-0.53,-0.529,-0.529,-0.528,-0.526,-0.525,-0.523,-0.521,-0.518,-0.515,-0.512,-0.509,-0.505,-0.501,-0.496,-0.491,-0.486,-0.481,-0.475,-0.469,-0.462,-0.455,-0.448,-0.44,-0.432,-0.423,-0.414,-0.405,-0.395,-0.385,-0.375,-0.364,-0.353,-0.341,-0.329,-0.317,-0.304,-0.291,-0.277,-0.263,-0.248,-0.234,-0.218,-0.202,-0.186,-0.169,-0.152,-0.135,-0.117,-0.099,-0.08,-0.06,-0.041,-0.021,0,0.05,0.12,0.2,0.29,0.36,0.42,0.46,0.47,0.468,0.461,0.45,0.435,0.417,0.4,0.37,0.35,0.32,0.29,0.26,0.24,0.21,0.18,0.15,0.12,0.1,0.07,0.05,0.035,0.02,0.009,0.002,0,0,0,0,0,0,0,0,0,0,0,0,0,0,0,0,0,0,0,0,0,0,0,0,0,0,0,0,0,0,0,0
PARAM_MOUTH_FORM=0,-0.001,-0.003,-0.007,-0.013,-0.02,-0.029,-0.04,-0.052,-0.066,-0.082,-0.099,-0.118,-0.138,-0.16,-0.18,-0.21,-0.24,-0.26,-0.29,-0.32,-0.36,-0.39,-0.43,-0.46,-0.5,-0.54,-0.59,-0.63,-0.66,-0.7,-0.73,-0.76,-0.79,-0.82,-0.84,-0.87,-0.89,-0.907,-0.925,-0.941,-0.954,-0.966,-0.977,-0.985,-0.992,-0.996,-0.999,-1,-0.993,-0.97,-0.94,-0.9,-0.85,-0.79,-0.73,-0.67,-0.6,-0.54,-0.47,-0.4,-0.33,-0.27,-0.21,-0.16,-0.11,-0.06,-0.03,0,0.02,0.04,0.064,0.081,0.097,0.111,0.123,0.133,0.143,0.151,0.158,0.163,0.168,0.172,0.175,0.177,0.178,0.179,0.18,0.18,0.18,0.18,0.18,0.18,0.178,0.171,0.161,0.149,0.134,0.118,0.101,0.084,0.067,0.051,0.037,0.024,0.014,0.006,0.002,0,0,0,0,0,0,0,0,0,0,0,0,0,0,0,0,0,0,0,0,0,0,0,0,0,0,0,0,0,0,0,0,0,0,0,0,0,0,0,0,0,0,0
PARAM_MOUTH_OPEN_Y=0,0.004,0.013,0.03,0.05,0.08,0.11,0.14,0.18,0.22,0.26,0.3,0.34,0.38,0.42,0.46,0.5,0.54,0.57,0.6,0.63,0.65,0.666,0.679,0.687,0.69,0.689,0.687,0.684,0.679,0.673,0.667,0.658,0.649,0.639,0.627,0.614,0.601,0.586,0.57,0.553,0.535,0.516,0.496,0.48,0.45,0.43,0.41,0.38,0.35,0.33,0.3,0.28,0.25,0.23,0.21,0.19,0.17,0.152,0.135,0.119,0.104,0.09,0.077,0.066,0.055,0.045,0.036,0.029,0.022,0.016,0.011,0.007,0.004,0.002,0,0,0.006,0.023,0.05,0.08,0.12,0.16,0.21,0.25,0.29,0.34,0.37,0.41,0.43,0.453,0.466,0.47,0.464,0.447,0.42,0.39,0.35,0.31,0.26,0.22,0.18,0.13,0.1,0.06,0.04,0.017,0.004,0,0,0,0,0,0,0,0,0,0,0,0,0,0,0,0,0,0,0,0,0,0,0,0,0,0,0,0,0,0,0,0,0,0,0,0,0,0,0,0,0,0,0
PARAM_BODY_ANGLE_X=0,0.013,0.05,0.12,0.2,0.31,0.43,0.58,0.74,0.91,1.09,1.29,1.49,1.7,1.92,2.14,2.36,2.58,2.8,3.02,3.24,3.45,3.65,3.84,4.02,4.19,4.35,4.49,4.62,4.73,4.82,4.9,4.96,4.99,5,4.97,4.87,4.72,4.52,4.28,3.98,3.65,3.29,2.9,2.47,2.03,1.56,1.08,0.58,0.08,-0.42,-0.94,-1.45,-1.95,-2.45,-2.94,-3.42,-3.87,-4.31,-4.73,-5.12,-5.48,-5.81,-6.11,-6.37,-6.59,-6.76,-6.89,-6.97,-7,-6.87,-6.54,-6.02,-5.38,-4.64,-3.84,-2.98,-2.12,-1.24,-0.41,0.37,1.1,1.73,2.26,2.66,2.91,3,2.98,2.92,2.82,2.7,2.54,2.35,2.14,1.9,1.64,1.36,1.07,0.76,0.44,0.11,-0.23,-0.58,-0.93,-1.28,-1.63,-1.99,-2.33,-2.67,-3.01,-3.34,-3.65,-3.96,-4.25,-4.52,-4.78,-5.02,-5.23,-5.43,-5.59,-5.74,-5.85,-5.93,-5.98,-6,-5.97,-5.88,-5.75,-5.57,-5.36,-5.11,-4.83,-4.54,-4.22,-3.89,-3.56,-3.22,-2.87,-2.53,-2.2,-1.87,-1.57,-1.28,-1,-0.76,-0.54,-0.36,-0.21,-0.09,-0.02,0
PARAM_BODY_ANGLE_Y=0,0.02,0.08,0.18,0.32,0.48,0.68,0.9,1.14,1.4,1.69,1.98,2.29,2.61,2.94,3.28,3.61,3.96,4.3,4.64,4.96,5.29,5.61,5.91,6.21,6.49,6.75,6.99,7.21,7.41,7.58,7.72,7.84,7.93,7.98,8,7.97,7.89,7.75,7.57,7.33,7.06,6.74,6.39,6,5.57,5.12,4.64,4.14,3.61,3.07,2.5,1.93,1.35,0.77,0.17,-0.43,-1.02,-1.62,-2.2,-2.78,-3.35,-3.9,-4.43,-4.96,-5.46,-5.93,-6.38,-6.8,-7.19,-7.55,-7.87,-8.16,-8.41,-8.62,-8.78,-8.9,-8.97,-9,-8,-5.57,-2.3,1.04,3.67,5,5.4,5.76,6.09,6.38,6.65,6.88,7.09,7.26,7.42,7.55,7.66,7.75,7.83,7.89,7.93,7.96,7.98,7.996,8,7.93,7.75,7.44,7.03,6.55,5.97,5.32,4.64,3.89,3.1,2.32,1.5,0.68,-0.1,-0.89,-1.64,-2.32,-2.97,-3.55,-4.03,-4.44,-4.75,-4.93,-5,-4.97,-4.88,-4.73,-4.55,-4.32,-4.07,-3.79,-3.49,-3.18,-2.87,-2.54,-2.22,-1.9,-1.6,-1.31,-1.04,-0.79,-0.56,-0.37,-0.21,-0.1,-0.03,0
PARAM_BODY_ANGLE_Z=0,0.007,0.026,0.06,0.1,0.15,0.22,0.29,0.37,0.45,0.55,0.64,0.75,0.85,0.96,1.08,1.19,1.31,1.43,1.54,1.66,1.78,1.89,2,2.11,2.22,2.32,2.42,2.51,2.59,2.67,2.74,2.81,2.86,2.91,2.95,2.98,2.994,3,2.984,2.94,2.86,2.76,2.63,2.48,2.31,2.13,1.93,1.71,1.49,1.25,1.02,0.77,0.53,0.29,0.05,-0.19,-0.42,-0.64,-0.85,-1.05,-1.23,-1.4,-1.55,-1.68,-1.79,-1.88,-1.95,-1.99,-2,-1.987,-1.95,-1.88,-1.8,-1.69,-1.57,-1.42,-1.26,-1.09,-0.91,-0.71,-0.51,-0.3,-0.08,0.14,0.36,0.58,0.8,1.02,1.24,1.45,1.65,1.84,2.02,2.19,2.35,2.49,2.62,2.73,2.82,2.9,2.96,2.99,3,2.996,2.983,2.962,2.93,2.9,2.86,2.81,2.75,2.69,2.63,2.56,2.49,2.41,2.33,2.25,2.16,2.07,1.98,1.89,1.8,1.7,1.61,1.51,1.42,1.32,1.23,1.14,1.04,0.95,0.87,0.78,0.7,0.62,0.54,0.47,0.4,0.34,0.28,0.22,0.17,0.13,0.09,0.06,0.03,0.015,0.004,0
PARAM_BREAST=0,-0.004,-0.013,-0.03,-0.05,-0.08,-0.11,-0.14,-0.18,-0.22,-0.26,-0.3,-0.34,-0.38,-0.42,-0.46,-0.5,-0.54,-0.57,-0.6,-0.63,-0.65,-0.666,-0.679,-0.687,-0.69,-0.679,-0.65,-0.6,-0.53,-0.45,-0.36,-0.27,-0.17,-0.06,0.04,0.14,0.23,0.32,0.4,0.46,0.52,0.56,0.58,0.59,0.587,0.579,0.566,0.548,0.53,0.5,0.47,0.43,0.4,0.36,0.32,0.27,0.22,0.18,0.13,0.08,0.03,-0.02,-0.08,-0.13,-0.18,-0.23,-0.27,-0.32,-0.37,-0.41,-0.45,-0.48,-0.52,-0.55,-0.58,-0.6,-0.616,-0.629,-0.637,-0.64,-0.62,-0.55,-0.45,-0.33,-0.19,-0.04,0.1,0.23,0.35,0.45,0.53,0.57,0.59,0.57,0.5,0.41,0.29,0.16,0.02,-0.12,-0.25,-0.36,-0.46,-0.53,-0.57,-0.59,-0.57,-0.51,-0.43,-0.33,-0.22,-0.1,0.01,0.13,0.24,0.33,0.41,0.48,0.52,0.53,0.517,0.48,0.42,0.35,0.26,0.16,0.06,-0.04,-0.14,-0.24,-0.33,-0.4,-0.46,-0.5,-0.51,-0.504,-0.485,-0.46,-0.42,-0.38,-0.33,-0.28,-0.23,-0.18,-0.13,-0.09,-0.05,-0.02,-0.006,0
PARAM_RIBBON=0,-0.004,-0.014,-0.031,-0.05,-0.08,-0.11,-0.15,-0.18,-0.22,-0.26,-0.31,-0.35,-0.39,-0.43,-0.48,-0.52,-0.55,-0.59,-0.62,-0.64,-0.67,-0.685,-0.699,-0.707,-0.71,-0.698,-0.67,-0.61,-0.55,-0.47,-0.38,-0.28,-0.18,-0.07,0.03,0.13,0.23,0.31,0.39,0.46,0.52,0.56,0.58,0.59,0.587,0.579,0.566,0.548,0.53,0.5,0.47,0.43,0.4,0.36,0.32,0.27,0.22,0.18,0.13,0.08,0.03,-0.02,-0.08,-0.13,-0.18,-0.23,-0.27,-0.32,-0.37,-0.41,-0.45,-0.48,-0.52,-0.55,-0.58,-0.6,-0.616,-0.629,-0.637,-0.64,-0.61,-0.55,-0.45,-0.32,-0.18,-0.03,0.12,0.26,0.38,0.48,0.56,0.6,0.62,0.6,0.53,0.44,0.31,0.18,0.04,-0.1,-0.23,-0.35,-0.45,-0.52,-0.56,-0.58,-0.56,-0.5,-0.42,-0.32,-0.21,-0.09,0.03,0.15,0.25,0.35,0.43,0.49,0.54,0.55,0.537,0.5,0.44,0.36,0.27,0.18,0.07,-0.03,-0.14,-0.23,-0.32,-0.4,-0.46,-0.5,-0.51,-0.504,-0.485,-0.46,-0.42,-0.38,-0.33,-0.28,-0.23,-0.18,-0.13,-0.09,-0.05,-0.02,-0.006,0
PARAM_HAIR_FRONT=0,-0.009,-0.03,-0.07,-0.11,-0.16,-0.2,-0.25,-0.3,-0.35,-0.39,-0.42,-0.45,-0.464,-0.47,-0.467,-0.456,-0.44,-0.42,-0.39,-0.36,-0.32,-0.28,-0.24,-0.19,-0.15,-0.1,-0.05,0.01,0.06,0.11,0.16,0.21,0.26,0.31,0.35,0.4,0.44,0.47,0.5,0.53,0.56,0.575,0.589,0.597,0.6,0.596,0.586,0.569,0.55,0.52,0.48,0.45,0.4,0.36,0.31,0.25,0.2,0.14,0.08,0.03,-0.03,-0.1,-0.16,-0.21,-0.27,-0.33,-0.38,-0.44,-0.49,-0.53,-0.58,-0.61,-0.65,-0.68,-0.7,-0.716,-0.726,-0.73,-0.724,-0.707,-0.68,-0.64,-0.6,-0.55,-0.49,-0.43,-0.36,-0.28,-0.21,-0.13,-0.05,0.03,0.11,0.19,0.26,0.34,0.41,0.47,0.53,0.58,0.62,0.66,0.69,0.704,0.71,0.701,0.67,0.63,0.58,0.52,0.44,0.36,0.28,0.19,0.1,0.01,-0.09,-0.18,-0.26,-0.35,-0.42,-0.49,-0.56,-0.61,-0.66,-0.69,-0.713,-0.72,-0.715,-0.702,-0.68,-0.65,-0.62,-0.58,-0.53,-0.49,-0.44,-0.39,-0.34,-0.29,-0.24,-0.2,-0.16,-0.12,-0.08,-0.06,-0.03,-0.014,-0.004,0
PARAM_HAIR_SIDE=0,-0.004,-0.015,-0.033,-0.06,-0.08,-0.12,-0.15,-0.19,-0.23,-0.26,-0.3,-0.33,-0.37,-0.39,-0.42,-0.435,-0.446,-0.45,-0.446,-0.436,-0.419,-0.4,-0.37,-0.33,-0.3,-0.25,-0.21,-0.16,-0.11,-0.06,-0.01,0.05,0.1,0.16,0.21,0.26,0.32,0.37,0.41,0.46,0.5,0.54,0.57,0.6,0.62,0.643,0.658,0.667,0.67,0.666,0.655,0.638,0.61,0.58,0.55,0.51,0.47,0.42,0.37,0.31,0.26,0.2,0.14,0.07,0.01,-0.05,-0.11,-0.18,-0.24,-0.3,-0.35,-0.41,-0.46,-0.51,-0.55,-0.59,-0.62,-0.65,-0.68,-0.695,-0.706,-0.71,-0.704,-0.687,-0.66,-0.62,-0.58,-0.53,-0.47,-0.4,-0.33,-0.26,-0.18,-0.1,-0.02,0.06,0.14,0.22,0.3,0.37,0.44,0.51,0.57,0.62,0.66,0.7,0.73,0.744,0.75,0.74,0.71,0.67,0.61,0.55,0.47,0.39,0.3,0.2,0.11,0.01,-0.08,-0.18,-0.27,-0.36,-0.44,-0.51,-0.58,-0.64,-0.69,-0.72,-0.74,-0.75,-0.743,-0.724,-0.69,-0.66,-0.61,-0.56,-0.5,-0.44,-0.38,-0.31,-0.25,-0.19,-0.14,-0.09,-0.06,-0.03,-0.007,0
PARAM_HAIR_BACK=0,-0.003,-0.012,-0.025,-0.043,-0.06,-0.09,-0.12,-0.15,-0.18,-0.21,-0.24,-0.27,-0.3,-0.33,-0.36,-0.39,-0.41,-0.425,-0.438,-0.447,-0.45,-0.446,-0.435,-0.418,-0.39,-0.36,-0.33,-0.29,-0.25,-0.2,-0.15,-0.1,-0.05,0.01,0.06,0.12,0.17,0.23,0.28,0.34,0.39,0.44,0.48,0.52,0.56,0.6,0.63,0.65,0.673,0.688,0.697,0.7,0.696,0.685,0.668,0.64,0.61,0.58,0.54,0.49,0.45,0.39,0.34,0.28,0.22,0.16,0.1,0.04,-0.03,-0.09,-0.15,-0.21,-0.27,-0.33,-0.38,-0.44,-0.48,-0.53,-0.57,-0.6,-0.63,-0.66,-0.675,-0.686,-0.69,-0.684,-0.668,-0.64,-0.61,-0.56,-0.51,-0.45,-0.39,-0.32,-0.25,-0.18,-0.1,-0.02,0.06,0.14,0.22,0.29,0.36,0.43,0.49,0.55,0.6,0.65,0.68,0.71,0.724,0.73,0.721,0.69,0.65,0.6,0.53,0.46,0.37,0.29,0.2,0.1,0.01,-0.09,-0.18,-0.27,-0.36,-0.44,-0.51,-0.57,-0.63,-0.68,-0.71,-0.73,-0.74,-0.731,-0.7,-0.66,-0.61,-0.55,-0.48,-0.41,-0.33,-0.26,-0.19,-0.13,-0.08,-0.04,-0.01,0
PARAM_SKIRT_R=0,-0.008,-0.03,-0.06,-0.09,-0.14,-0.18,-0.22,-0.26,-0.3,-0.34,-0.37,-0.39,-0.405,-0.41,-0.406,-0.395,-0.376,-0.35,-0.32,-0.28,-0.24,-0.2,-0.15,-0.1,-0.04,0.02,0.07,0.13,0.19,0.25,0.31,0.37,0.42,0.48,0.53,0.58,0.62,0.66,0.7,0.73,0.76,0.78,0.797,0.807,0.81,0.806,0.794,0.775,0.75,0.72,0.68,0.64,0.59,0.54,0.48,0.42,0.36,0.29,0.23,0.16,0.09,0.03,-0.04,-0.11,-0.17,-0.24,-0.3,-0.36,-0.42,-0.47,-0.52,-0.56,-0.6,-0.63,-0.66,-0.674,-0.686,-0.69,-0.684,-0.668,-0.64,-0.61,-0.56,-0.51,-0.45,-0.39,-0.33,-0.25,-0.18,-0.1,-0.02,0.05,0.13,0.21,0.28,0.36,0.42,0.48,0.54,0.59,0.64,0.67,0.7,0.714,0.72,0.711,0.68,0.64,0.59,0.52,0.44,0.36,0.27,0.18,0.09,-0.01,-0.1,-0.2,-0.29,-0.37,-0.45,-0.53,-0.59,-0.65,-0.7,-0.73,-0.75,-0.76,-0.755,-0.741,-0.72,-0.69,-0.65,-0.61,-0.56,-0.52,-0.47,-0.41,-0.36,-0.31,-0.26,-0.21,-0.17,-0.13,-0.09,-0.06,-0.03,-0.015,-0.004,0
PARAM_SKIRT_L=0,-0.003,-0.013,-0.027,-0.046,-0.07,-0.09,-0.12,-0.15,-0.18,-0.21,-0.23,-0.26,-0.29,-0.31,-0.33,-0.353,-0.368,-0.38,-0.387,-0.39,-0.386,-0.375,-0.357,-0.33,-0.3,-0.27,-0.23,-0.18,-0.14,-0.09,-0.03,0.02,0.08,0.14,0.19,0.25,0.31,0.36,0.42,0.47,0.52,0.57,0.61,0.65,0.68,0.72,0.74,0.762,0.777,0.787,0.79,0.786,0.774,0.755,0.73,0.7,0.66,0.62,0.57,0.51,0.46,0.4,0.34,0.27,0.21,0.14,0.07,0,-0.07,-0.14,-0.2,-0.27,-0.33,-0.39,-0.44,-0.5,-0.55,-0.59,-0.63,-0.66,-0.68,-0.704,-0.716,-0.72,-0.714,-0.698,-0.67,-0.64,-0.59,-0.54,-0.48,-0.42,-0.36,-0.28,-0.21,-0.13,-0.05,0.02,0.1,0.18,0.25,0.33,0.39,0.45,0.51,0.56,0.61,0.64,0.67,0.684,0.69,0.681,0.65,0.61,0.56,0.5,0.42,0.34,0.26,0.17,0.08,-0.01,-0.11,-0.2,-0.28,-0.37,-0.44,-0.51,-0.58,-0.63,-0.68,-0.71,-0.733,-0.74,-0.731,-0.7,-0.66,-0.61,-0.55,-0.48,-0.41,-0.34,-0.28,-0.21,-0.15,-0.1,-0.06,-0.03,-0.007,0
PARAM_FUR=0,-0.005,-0.017,-0.035,-0.06,-0.08,-0.11,-0.13,-0.16,-0.18,-0.21,-0.224,-0.238,-0.247,-0.25,-0.248,-0.243,-0.235,-0.223,-0.209,-0.193,-0.174,-0.15,-0.13,-0.11,-0.08,-0.06,-0.03,-0.01,0.02,0.05,0.07,0.1,0.13,0.15,0.17,0.2,0.216,0.234,0.251,0.265,0.277,0.287,0.294,0.299,0.3,0.298,0.292,0.283,0.27,0.255,0.236,0.22,0.19,0.17,0.14,0.11,0.08,0.05,0.02,-0.02,-0.05,-0.08,-0.11,-0.15,-0.18,-0.21,-0.24,-0.27,-0.3,-0.32,-0.35,-0.37,-0.385,-0.4,-0.413,-0.422,-0.428,-0.43,-0.427,-0.419,-0.405,-0.387,-0.36,-0.34,-0.31,-0.28,-0.24,-0.2,-0.17,-0.13,-0.09,-0.04,0,0.04,0.07,0.11,0.15,0.18,0.21,0.23,0.26,0.275,0.289,0.297,0.3,0.296,0.285,0.268,0.25,0.22,0.19,0.16,0.12,0.09,0.05,0.01,-0.03,-0.07,-0.1,-0.14,-0.17,-0.2,-0.22,-0.25,-0.265,-0.278,-0.287,-0.29,-0.288,-0.283,-0.274,-0.262,-0.249,-0.233,-0.215,-0.197,-0.177,-0.158,-0.137,-0.118,-0.099,-0.08,-0.063,-0.048,-0.034,-0.022,-0.013,-0.006,-0.001,0
PARAM_FUR_R=0,-0.003,-0.01,-0.021,-0.036,-0.052,-0.07,-0.089,-0.107,-0.127,-0.145,-0.162,-0.178,-0.192,-0.204,-0.212,-0.218,-0.22,-0.218,-0.213,-0.205,-0.195,-0.182,-0.166,-0.149,-0.129,-0.11,-0.09,-0.06,-0.04,-0.01,0.01,0.04,0.06,0.09,0.11,0.14,0.16,0.18,0.201,0.22,0.238,0.253,0.267,0.278,0.288,0.294,0.299,0.3,0.298,0.293,0.283,0.271,0.256,0.238,0.22,0.2,0.17,0.14,0.12,0.09,0.06,0.02,-0.01,-0.04,-0.07,-0.1,-0.13,-0.17,-0.2,-0.23,-0.25,-0.28,-0.31,-0.33,-0.35,-0.366,-0.381,-0.393,-0.403,-0.408,-0.41,-0.407,-0.399,-0.386,-0.368,-0.35,-0.32,-0.29,-0.26,-0.23,-0.19,-0.16,-0.12,-0.08,-0.04,0,0.04,0.07,0.11,0.14,0.17,0.2,0.23,0.25,0.266,0.279,0.287,0.29,0.286,0.275,0.258,0.24,0.21,0.18,0.15,0.11,0.08,0.04,0,-0.04,-0.08,-0.11,-0.15,-0.18,-0.21,-0.23,-0.26,-0.275,-0.288,-0.297,-0.3,-0.297,-0.29,-0.278,-0.262,-0.244,-0.223,-0.2,-0.18,-0.15,-0.13,-0.11,-0.08,-0.064,-0.046,-0.03,-0.017,-0.008,-0.002,0
PARAM_FUR_L=0,-0.001,-0.005,-0.012,-0.02,-0.03,-0.041,-0.054,-0.067,-0.081,-0.096,-0.111,-0.125,-0.139,-0.152,-0.164,-0.175,-0.185,-0.194,-0.201,-0.206,-0.209,-0.21,-0.208,-0.203,-0.195,-0.185,-0.172,-0.156,-0.139,-0.119,-0.1,-0.08,-0.05,-0.03,0,0.02,0.05,0.07,0.1,0.12,0.15,0.17,0.19,0.211,0.23,0.248,0.263,0.277,0.288,0.298,0.304,0.309,0.31,0.308,0.302,0.293,0.281,0.266,0.247,0.23,0.2,0.18,0.15,0.12,0.09,0.06,0.03,0,-0.03,-0.07,-0.1,-0.13,-0.16,-0.19,-0.22,-0.25,-0.28,-0.3,-0.33,-0.35,-0.366,-0.381,-0.393,-0.402,-0.408,-0.41,-0.407,-0.399,-0.385,-0.367,-0.34,-0.32,-0.29,-0.26,-0.22,-0.18,-0.15,-0.11,-0.07,-0.02,0.02,0.06,0.09,0.13,0.17,0.2,0.23,0.25,0.28,0.295,0.309,0.317,0.32,0.316,0.305,0.287,0.26,0.24,0.21,0.17,0.14,0.1,0.06,0.02,-0.02,-0.06,-0.1,-0.13,-0.16,-0.19,-0.22,-0.24,-0.264,-0.278,-0.287,-0.29,-0.284,-0.27,-0.25,-0.22,-0.19,-0.16,-0.13,-0.1,-0.08,-0.05,-0.03,-0.014,-0.004,0
PARAM_ARM_R=0,0.002,0.008,0.017,0.03,0.046,0.065,0.09,0.11,0.14,0.16,0.19,0.23,0.26,0.29,0.32,0.36,0.39,0.43,0.46,0.49,0.52,0.56,0.59,0.61,0.64,0.66,0.68,0.704,0.72,0.733,0.742,0.748,0.75,0.75,0.75,0.75,0.75,0.75,0.75,0.75,0.75,0.75,0.75,0.75,0.75,0.75,0.75,0.75,0.75,0.749,0.749,0.748,0.748,0.747,0.745,0.744,0.742,0.74,0.738,0.735,0.732,0.729,0.725,0.721,0.717,0.712,0.707,0.701,0.695,0.688,0.681,0.673,0.665,0.656,0.646,0.636,0.626,0.614,0.603,0.59,0.57,0.54,0.51,0.47,0.42,0.38,0.34,0.3,0.27,0.23,0.21,0.19,0.175,0.17,0.172,0.179,0.189,0.203,0.219,0.237,0.257,0.28,0.3,0.32,0.35,0.37,0.39,0.42,0.436,0.455,0.473,0.489,0.503,0.515,0.523,0.528,0.53,0.529,0.524,0.518,0.509,0.497,0.484,0.469,0.452,0.433,0.414,0.39,0.37,0.35,0.32,0.3,0.28,0.25,0.23,0.21,0.18,0.16,0.14,0.12,0.097,0.078,0.061,0.046,0.033,0.021,0.012,0.006,0.001,0
PARAM_ELBOW_R=0,-0.001,-0.006,-0.013,-0.022,-0.033,-0.047,-0.062,-0.08,-0.098,-0.119,-0.14,-0.16,-0.19,-0.21,-0.23,-0.26,-0.28,-0.31,-0.33,-0.35,-0.38,-0.4,-0.42,-0.442,-0.46,-0.478,-0.493,-0.507,-0.518,-0.527,-0.534,-0.539,-0.54,-0.54,-0.54,-0.54,-0.54,-0.54,-0.54,-0.54,-0.54,-0.54,-0.54,-0.54,-0.54,-0.54,-0.54,-0.54,-0.539,-0.537,-0.536,-0.533,-0.53,-0.527,-0.524,-0.52,-0.516,-0.511,-0.507,-0.502,-0.497,-0.492,-0.487,-0.483,-0.478,-0.473,-0.468,-0.463,-0.459,-0.454,-0.45,-0.446,-0.443,-0.44,-0.437,-0.434,-0.433,-0.431,-0.43,-0.43,-0.439,-0.46,-0.5,-0.54,-0.59,-0.63,-0.67,-0.69,-0.7,-0.7,-0.7,-0.7,-0.7,-0.7,-0.7,-0.7,-0.7,-0.7,-0.699,-0.699,-0.698,-0.697,-0.696,-0.695,-0.693,-0.692,-0.69,-0.688,-0.685,-0.683,-0.68,-0.665,-0.63,-0.59,-0.53,-0.46,-0.39,-0.31,-0.23,-0.16,-0.08,-0.01,0.05,0.11,0.15,0.19,0.21,0.22,0.219,0.214,0.208,0.199,0.189,0.177,0.163,0.149,0.135,0.119,0.104,0.089,0.075,0.061,0.048,0.036,0.026,0.017,0.01,0.004,0.001,0
PARAM_HAND_R=0,0.003,0.01,0.022,0.038,0.058,0.08,0.11,0.14,0.17,0.21,0.24,0.28,0.32,0.36,0.41,0.45,0.49,0.53,0.58,0.62,0.66,0.7,0.73,0.77,0.8,0.83,0.86,0.88,0.902,0.918,0.93,0.937,0.94,0.94,0.94,0.94,0.94,0.94,0.94,0.94,0.94,0.94,0.94,0.94,0.94,0.94,0.94,0.94,0.939,0.938,0.937,0.935,0.932,0.929,0.926,0.922,0.918,0.913,0.908,0.902,0.896,0.889,0.882,0.874,0.866,0.857,0.847,0.837,0.827,0.815,0.804,0.791,0.778,0.765,0.751,0.736,0.721,0.704,0.688,0.67,0.653,0.634,0.615,0.595,0.574,0.55,0.53,0.51,0.48,0.46,0.44,0.41,0.38,0.35,0.31,0.28,0.24,0.2,0.17,0.13,0.09,0.05,0,-0.04,-0.08,-0.13,-0.18,-0.23,-0.28,-0.33,-0.37,-0.42,-0.46,-0.5,-0.54,-0.57,-0.61,-0.64,-0.67,-0.69,-0.71,-0.735,-0.751,-0.765,-0.776,-0.784,-0.788,-0.79,-0.785,-0.77,-0.75,-0.71,-0.68,-0.63,-0.59,-0.54,-0.48,-0.43,-0.37,-0.32,-0.27,-0.22,-0.17,-0.13,-0.09,-0.06,-0.03,-0.016,-0.004,0
PARAM_ARM_L=0,0,0,0,0.001,0.002,0.002,0.004,0.005,0.007,0.01,0.012,0.016,0.019,0.024,0.028,0.034,0.04,0.047,0.055,0.063,0.072,0.082,0.092,0.104,0.116,0.13,0.144,0.159,0.175,0.192,0.21,0.229,0.249,0.27,0.29,0.32,0.35,0.39,0.42,0.46,0.5,0.54,0.58,0.62,0.66,0.7,0.74,0.78,0.82,0.85,0.88,0.91,0.94,0.96,0.976,0.989,0.997,1,1,0.999,0.997,0.994,0.991,0.987,0.983,0.978,0.972,0.966,0.959,0.952,0.944,0.936,0.927,0.917,0.907,0.897,0.887,0.875,0.864,0.852,0.84,0.827,0.814,0.801,0.787,0.773,0.76,0.745,0.73,0.716,0.701,0.685,0.67,0.654,0.639,0.623,0.607,0.591,0.575,0.559,0.543,0.526,0.51,0.494,0.478,0.462,0.445,0.429,0.413,0.397,0.381,0.366,0.35,0.334,0.319,0.304,0.289,0.274,0.26,0.246,0.232,0.218,0.204,0.191,0.178,0.166,0.154,0.142,0.13,0.119,0.108,0.098,0.088,0.079,0.07,0.061,0.053,0.046,0.039,0.032,0.026,0.021,0.016,0.012,0.008,0.005,0.003,0.001,0,0
PARAM_ELBOW_L=0,0.001,0.003,0.006,0.01,0.016,0.022,0.03,0.038,0.047,0.057,0.068,0.079,0.091,0.103,0.116,0.129,0.143,0.156,0.17,0.184,0.198,0.212,0.226,0.24,0.254,0.267,0.28,0.293,0.305,0.317,0.328,0.338,0.348,0.357,0.366,0.373,0.38,0.386,0.391,0.395,0.398,0.399,0.4,0.399,0.398,0.395,0.392,0.387,0.382,0.376,0.369,0.362,0.354,0.346,0.337,0.328,0.319,0.309,0.3,0.29,0.281,0.271,0.262,0.253,0.244,0.236,0.228,0.221,0.214,0.208,0.203,0.198,0.195,0.192,0.191,0.19,0.191,0.193,0.196,0.2,0.204,0.21,0.217,0.224,0.231,0.239,0.248,0.257,0.266,0.275,0.284,0.294,0.303,0.312,0.321,0.329,0.338,0.346,0.353,0.36,0.367,0.373,0.378,0.382,0.385,0.388,0.389,0.39,0.389,0.387,0.384,0.38,0.375,0.368,0.361,0.353,0.344,0.334,0.324,0.313,0.301,0.289,0.276,0.263,0.25,0.236,0.223,0.209,0.195,0.181,0.167,0.154,0.14,0.127,0.114,0.101,0.089,0.077,0.066,0.056,0.046,0.037,0.029,0.022,0.015,0.01,0.006,0.003,0.001,0
PARAM_HAND_L=0,0.001,0.002,0.004,0.008,0.012,0.017,0.023,0.029,0.036,0.044,0.052,0.061,0.07,0.08,0.09,0.101,0.112,0.123,0.135,0.147,0.159,0.171,0.183,0.195,0.207,0.219,0.231,0.243,0.255,0.267,0.278,0.289,0.3,0.31,0.32,0.329,0.338,0.346,0.354,0.361,0.367,0.373,0.378,0.382,0.386,0.388,0.389,0.39,0.388,0.381,0.37,0.355,0.337,0.32,0.29,0.26,0.23,0.2,0.17,0.13,0.1,0.06,0.02,-0.02,-0.05,-0.09,-0.13,-0.17,-0.2,-0.24,-0.27,-0.3,-0.33,-0.36,-0.38,-0.4,-0.424,-0.44,-0.453,-0.462,-0.468,-0.47,-0.44,-0.37,-0.27,-0.15,-0.03,0.09,0.21,0.3,0.38,0.43,0.45,0.45,0.448,0.446,0.444,0.44,0.436,0.431,0.426,0.42,0.413,0.406,0.399,0.39,0.382,0.373,0.364,0.354,0.344,0.333,0.323,0.312,0.301,0.289,0.278,0.266,0.255,0.243,0.231,0.219,0.207,0.195,0.184,0.172,0.161,0.149,0.138,0.127,0.117,0.106,0.096,0.086,0.077,0.068,0.06,0.051,0.044,0.037,0.03,0.024,0.019,0.014,0.01,0.006,0.004,0.002,0,0
PARAM_FOOT_R=0,0,-0.001,-0.001,-0.003,-0.004,-0.006,-0.008,-0.01,-0.013,-0.016,-0.019,-0.022,-0.026,-0.03,-0.035,-0.039,-0.044,-0.049,-0.054,-0.06,-0.066,-0.072,-0.079,-0.085,-0.092,-0.099,-0.106,-0.114,-0.122,-0.13,-0.138,-0.146,-0.155,-0.164,-0.173,-0.182,-0.191,-0.201,-0.211,-0.22,-0.231,-0.241,-0.251,-0.262,-0.273,-0.284,-0.295,-0.306,-0.317,-0.329,-0.341,-0.352,-0.364,-0.376,-0.389,-0.401,-0.414,-0.426,-0.439,-0.452,-0.464,-0.477,-0.49,-0.503,-0.517,-0.53,-0.543,-0.556,-0.568,-0.58,-0.591,-0.601,-0.611,-0.62,-0.629,-0.637,-0.645,-0.652,-0.659,-0.665,-0.671,-0.677,-0.682,-0.686,-0.69,-0.694,-0.698,-0.701,-0.704,-0.707,-0.709,-0.711,-0.713,-0.714,-0.716,-0.717,-0.718,-0.718,-0.719,-0.719,-0.72,-0.72,-0.72,-0.719,-0.716,-0.711,-0.704,-0.696,-0.686,-0.674,-0.661,-0.647,-0.631,-0.615,-0.597,-0.579,-0.559,-0.539,-0.52,-0.5,-0.48,-0.45,-0.43,-0.41,-0.39,-0.36,-0.34,-0.32,-0.29,-0.27,-0.25,-0.23,-0.21,-0.187,-0.167,-0.148,-0.13,-0.113,-0.096,-0.081,-0.066,-0.053,-0.042,-0.031,-0.022,-0.014,-0.008,-0.004,-0.001,0
PARAM_FOOT_L=0,-0.002,-0.008,-0.018,-0.03,-0.046,-0.064,-0.085,-0.11,-0.13,-0.16,-0.19,-0.21,-0.24,-0.27,-0.3,-0.33,-0.36,-0.39,-0.42,-0.45,-0.47,-0.5,-0.52,-0.55,-0.566,-0.584,-0.6,-0.614,-0.625,-0.633,-0.638,-0.64,-0.639,-0.636,-0.631,-0.624,-0.616,-0.606,-0.594,-0.581,-0.567,-0.551,-0.534,-0.516,-0.497,-0.476,-0.46,-0.43,-0.41,-0.39,-0.36,-0.34,-0.31,-0.29,-0.26,-0.24,-0.21,-0.19,-0.16,-0.13,-0.11,-0.08,-0.06,-0.03,-0.01,0.01,0.04,0.06,0.08,0.1,0.117,0.135,0.152,0.168,0.183,0.196,0.209,0.219,0.228,0.236,0.242,0.246,0.249,0.25,0.236,0.2,0.14,0.07,-0.01,-0.09,-0.19,-0.28,-0.38,-0.47,-0.55,-0.63,-0.7,-0.76,-0.8,-0.83,-0.84,-0.839,-0.836,-0.831,-0.823,-0.815,-0.804,-0.792,-0.778,-0.762,-0.746,-0.728,-0.709,-0.69,-0.67,-0.65,-0.62,-0.6,-0.58,-0.55,-0.53,-0.5,-0.47,-0.45,-0.42,-0.4,-0.37,-0.35,-0.32,-0.3,-0.27,-0.25,-0.22,-0.2,-0.18,-0.16,-0.139,-0.12,-0.103,-0.086,-0.071,-0.056,-0.044,-0.033,-0.023,-0.015,-0.008,-0.004,-0.001,0
PARAM_BODY_2=0
PARAM_ELBOW_ORDER=0
PARAM_KBUTO=0
VISIBLE:PARTS_01_HAIR_BACK_001=1
VISIBLE:PARTS_01_BODY=1
VISIBLE:PARTS_01_FACE_001=1
VISIBLE:PARTS_01_MOUTH_001=1
VISIBLE:PARTS_01_HAIR_SIDE_001=1
VISIBLE:PARTS_01_HAIR_FRONT_001=1
VISIBLE:PARTS_01_EYE_BALL_001=1
VISIBLE:PARTS_01_EYE_001=1
VISIBLE:PARTS_01_BROW_001=1