# Live2D Animator Motion Data
$fps=30

$fadein=300

$fadeout=100

PARAM_ANGLE_X=0,-0.03,-0.12,-0.26,-0.44,-0.68,-0.96,-1.27,-1.62,-2,-2.41,-2.83,-3.29,-3.75,-4.22,-4.7,-5.19,-5.69,-6.17,-6.65,-7.12,-7.58,-8.02,-8.44,-8.85,-9.22,-9.57,-9.88,-10.16,-10.41,-10.61,-10.78,-10.9,-10.97,-11,-10.984,-10.94,-10.86,-10.76,-10.63,-10.47,-10.3,-10.11,-9.9,-9.67,-9.43,-9.18,-8.91,-8.64,-8.37,-8.09,-7.81,-7.52,-7.24,-6.96,-6.69,-6.42,-6.16,-5.9,-5.66,-5.43,-5.2,-5,-4.79,-4.58,-4.37,-4.18,-3.99,-3.8,-3.62,-3.45,-3.28,-3.12,-2.96,-2.8,-2.66,-2.51,-2.38,-2.24,-2.12,-1.99,-1.87,-1.76,-1.65,-1.54,-1.44,-1.35,-1.25,-1.17,-1.08,-1,-0.92,-0.85,-0.78,-0.72,-0.65,-0.59,-0.54,-0.49,-0.44,-0.39,-0.35,-0.31,-0.27,-0.24,-0.21,-0.18,-0.15,-0.13,-0.1,-0.085,-0.068,-0.053,-0.04,-0.029,-0.02,-0.012,-0.007,-0.003,-0.001,0
PARAM_ANGLE_Y=0,-0.07,-0.28,-0.6,-1.04,-1.57,-2.18,-2.87,-3.62,-4.43,-5.27,-6.14,-7.04,-7.96,-8.88,-9.8,-10.72,-11.6,-12.48,-13.31,-14.09,-14.82,-15.51,-16.12,-16.66,-17.13,-17.5,-17.77,-17.94,-18,-17.94,-17.77,-17.5,-17.12,-16.65,-16.08,-15.43,-14.7,-13.9,-13.03,-12.07,-11.07,-10.02,-8.93,-7.79,-6.61,-5.4,-4.16,-2.9,-1.63,-0.34,0.95,2.26,3.55,4.82,6.08,7.32,8.53,9.71,10.85,11.95,13,14,14.97,15.87,16.7,17.45,18.15,18.78,19.36,19.88,20.35,20.76,21.13,21.46,21.74,21.99,22.2,22.38,22.53,22.65,22.75,22.83,22.89,22.93,22.96,22.981,22.992,22.998,23,23,22.93,22.71,22.35,21.88,21.29,20.6,19.83,18.97,18.04,17.05,15.99,14.91,13.78,12.64,11.5,10.36,9.22,8.09,7.01,5.95,4.96,4.03,3.17,2.4,1.71,1.12,0.65,0.29,0.07,0
PARAM_ANGLE_Z=0,-0.005,-0.02,-0.04,-0.08,-0.12,-0.17,-0.23,-0.3,-0.37,-0.45,-0.54,-0.63,-0.73,-0.83,-0.94,-1.05,-1.17,-1.29,-1.42,-1.54,-1.67,-1.81,-1.94,-2.07,-2.21,-2.35,-2.48,-2.62,-2.76,-2.89,-3.03,-3.16,-3.29,-3.42,-3.54,-3.67,-3.79,-3.9,-4.02,-4.12,-4.23,-4.32,-4.42,-4.5,-4.59,-4.66,-4.73,-4.79,-4.84,-4.89,-4.93,-4.96,-4.98,-4.995,-5,-4.981,-4.92,-4.83,-4.71,-4.55,-4.36,-4.15,-3.91,-3.65,-3.37,-3.06,-2.74,-2.41,-2.06,-1.7,-1.33,-0.95,-0.58,-0.19,0.19,0.58,0.95,1.33,1.7,2.06,2.41,2.74,3.06,3.37,3.65,3.91,4.15,4.36,4.55,4.71,4.83,4.92,4.98,5,4.97,4.9,4.79,4.64,4.46,4.26,4.03,3.78,3.52,3.24,2.97,2.68,2.39,2.11,1.83,1.56,1.31,1.06,0.84,0.63,0.45,0.3,0.17,0.08,0.02,0
PARAM_EYE_R_OPEN=1,1,1,1,1,1,1,1,1,1,1,1,1,1,1,1,1,0.82,0.54,0.27,0.08,0,0,0,0.15,0.42,0.65,0.8,0.94,0.99,1,1,1,1,1,1,1,1,1,1,1,1,1,1,1,1,1,1,1,1,1,1,1,1,1,1,1,1,1,1,1,1,1,1,1,1,1,1,0.82,0.54,0.27,0.08,0,0,0,0.06,0.19,0.38,0.56,0.7,0.77,0.783,0.796,0.808,0.82,0.831,0.843,0.853,0.863,0.873,0.882,0.891,0.899,0.907,0.915,0.922,0.929,0.935,0.941,0.947,0.953,0.958,0.962,0.967,0.971,0.975,0.978,0.982,0.984,0.987,0.989,0.992,0.993,0.995,0.996,0.998,0.998,0.999,1,1,1
PARAM_EYE_R_SMILE=0
PARAM_EYE_L_OPEN=1,1,1,1,1,1,1,1,1,1,1,1,1,1,1,1,1,0.82,0.54,0.27,0.08,0,0,0,0.15,0.42,0.65,0.8,0.94,0.99,1,1,1,1,1,1,1,1,1,1,1,1,1,1,1,1,1,1,1,1,1,1,1,1,1,1,1,1,1,1,1,1,1,1,1,1,1,1,0.82,0.54,0.27,0.08,0,0,0,0.06,0.19,0.38,0.56,0.7,0.77,0.783,0.796,0.808,0.82,0.831,0.843,0.853,0.863,0.873,0.882,0.891,0.899,0.907,0.915,0.922,0.929,0.935,0.941,0.947,0.953,0.958,0.962,0.967,0.971,0.975,0.978,0.982,0.984,0.987,0.989,0.992,0.993,0.995,0.996,0.998,0.998,0.999,1,1,1
PARAM_EYE_L_SMILE=0
PARAM_EYE_BALL_X=0,0.001,0.003,0.006,0.01,0.015,0.022,0.029,0.037,0.045,0.055,0.064,0.075,0.085,0.096,0.107,0.118,0.129,0.14,0.151,0.162,0.172,0.182,0.192,0.201,0.21,0.217,0.225,0.231,0.237,0.241,0.245,0.248,0.249,0.25,0.249,0.246,0.241,0.235,0.227,0.219,0.208,0.197,0.186,0.173,0.16,0.147,0.133,0.12,0.107,0.093,0.08,0.068,0.057,0.046,0.036,0.027,0.019,0.012,0.007,0.003,0.001,0,0,0,0,0,0,0,0,0,0,0,0,0,0,0,0,0,0,0,0,0,0,0,0,0,0,0,0,0,0,0,0,0,0,0,0,0,0,0,0,0,0,0,0,0,0,0,0,0,0,0,0,0,0,0,0,0,0,0
PARAM_EYE_BALL_Y=0
PARAM_BROW_R_Y=0,0.002,0.007,0.015,0.025,0.039,0.054,0.071,0.09,0.111,0.13,0.15,0.18,0.2,0.22,0.25,0.27,0.29,0.31,0.332,0.351,0.368,0.384,0.397,0.409,0.418,0.424,0.429,0.43,0.429,0.425,0.419,0.41,0.4,0.387,0.373,0.357,0.339,0.319,0.3,0.28,0.25,0.23,0.2,0.18,0.15,0.12,0.09,0.06,0.03,0,-0.03,-0.06,-0.09,-0.12,-0.15,-0.18,-0.21,-0.23,-0.26,-0.29,-0.32,-0.34,-0.37,-0.39,-0.42,-0.44,-0.46,-0.479,-0.496,-0.513,-0.528,-0.541,-0.553,-0.562,-0.57,-0.575,-0.579,-0.58,-0.579,-0.576,-0.572,-0.565,-0.557,-0.548,-0.537,-0.525,-0.511,-0.497,-0.482,-0.465,-0.448,-0.43,-0.411,-0.392,-0.372,-0.352,-0.332,-0.31,-0.29,-0.27,-0.25,-0.228,-0.208,-0.188,-0.169,-0.15,-0.132,-0.115,-0.098,-0.083,-0.069,-0.055,-0.043,-0.032,-0.023,-0.015,-0.008,-0.004,-0.001,0
PARAM_BROW_R_ANGLE=0
PARAM_BROW_L_Y=0,0.002,0.007,0.015,0.027,0.041,0.057,0.075,0.095,0.12,0.14,0.16,0.19,0.21,0.23,0.26,0.28,0.31,0.33,0.348,0.367,0.386,0.401,0.416,0.428,0.437,0.444,0.449,0.45,0.449,0.445,0.439,0.43,0.42,0.407,0.393,0.377,0.359,0.339,0.32,0.3,0.27,0.25,0.22,0.2,0.17,0.14,0.11,0.08,0.05,0.02,-0.01,-0.04,-0.07,-0.1,-0.13,-0.16,-0.19,-0.21,-0.24,-0.27,-0.3,-0.32,-0.35,-0.37,-0.4,-0.42,-0.44,-0.459,-0.476,-0.493,-0.508,-0.521,-0.533,-0.542,-0.55,-0.555,-0.559,-0.56,-0.559,-0.556,-0.552,-0.546,-0.538,-0.529,-0.519,-0.507,-0.494,-0.48,-0.465,-0.449,-0.432,-0.415,-0.397,-0.378,-0.359,-0.339,-0.32,-0.3,-0.28,-0.26,-0.24,-0.221,-0.201,-0.182,-0.163,-0.145,-0.128,-0.111,-0.095,-0.08,-0.066,-0.053,-0.041,-0.031,-0.022,-0.014,-0.008,-0.004,-0.001,0
PARAM_BROW_L_ANGLE=0
PARAM_MOUTH_FORM=0
PARAM_MOUTH_OPEN_Y=0
PARAM_BODY_ANGLE_X=0,-0.003,-0.013,-0.029,-0.05,-0.08,-0.11,-0.15,-0.19,-0.24,-0.29,-0.34,-0.4,-0.45,-0.52,-0.58,-0.65,-0.71,-0.78,-0.85,-0.92,-0.99,-1.06,-1.13,-1.2,-1.27,-1.34,-1.4,-1.46,-1.52,-1.58,-1.64,-1.69,-1.74,-1.79,-1.83,-1.87,-1.9,-1.93,-1.95,-1.974,-1.989,-1.997,-2,-1.989,-1.96,-1.9,-1.83,-1.74,-1.64,-1.52,-1.39,-1.24,-1.09,-0.93,-0.75,-0.58,-0.39,-0.21,-0.01,0.18,0.38,0.57,0.77,0.96,1.15,1.34,1.52,1.7,1.87,2.03,2.18,2.32,2.45,2.57,2.68,2.77,2.85,2.92,2.96,2.99,3,2.994,2.977,2.95,2.91,2.86,2.81,2.74,2.67,2.59,2.51,2.42,2.32,2.22,2.12,2.01,1.9,1.79,1.67,1.56,1.44,1.33,1.21,1.1,0.99,0.88,0.78,0.68,0.58,0.49,0.41,0.33,0.26,0.19,0.14,0.09,0.05,0.02,0.006,0
PARAM_BODY_ANGLE_Y=0,-0.014,-0.06,-0.12,-0.21,-0.32,-0.45,-0.59,-0.75,-0.92,-1.09,-1.28,-1.47,-1.66,-1.86,-2.05,-2.23,-2.42,-2.59,-2.76,-2.91,-3.05,-3.18,-3.29,-3.39,-3.46,-3.52,-3.55,-3.565,-3.556,-3.53,-3.48,-3.42,-3.34,-3.24,-3.13,-3.01,-2.87,-2.72,-2.56,-2.39,-2.2,-2.02,-1.82,-1.61,-1.4,-1.18,-0.96,-0.74,-0.51,-0.27,-0.04,0.19,0.42,0.65,0.88,1.11,1.33,1.55,1.77,1.98,2.18,2.38,2.56,2.75,2.92,3.08,3.23,3.36,3.49,3.61,3.71,3.79,3.87,3.92,3.97,3.99,4,3.993,3.973,3.94,3.9,3.84,3.78,3.7,3.62,3.53,3.43,3.32,3.21,3.09,2.97,2.84,2.71,2.57,2.44,2.3,2.16,2.02,1.88,1.74,1.6,1.46,1.33,1.2,1.07,0.95,0.83,0.72,0.62,0.52,0.43,0.34,0.27,0.2,0.14,0.09,0.05,0.02,0.006,0
PARAM_BODY_ANGLE_Z=0,0.002,0.008,0.018,0.031,0.048,0.069,0.09,0.12,0.15,0.18,0.21,0.25,0.29,0.33,0.38,0.42,0.47,0.52,0.57,0.62,0.67,0.72,0.78,0.83,0.88,0.94,0.99,1.05,1.1,1.16,1.21,1.26,1.32,1.37,1.42,1.47,1.51,1.56,1.61,1.65,1.69,1.73,1.77,1.8,1.83,1.86,1.89,1.92,1.94,1.956,1.972,1.984,1.993,1.998,2,1.999,1.994,1.987,1.977,1.964,1.95,1.932,1.912,1.89,1.87,1.84,1.81,1.78,1.75,1.72,1.68,1.65,1.61,1.57,1.53,1.49,1.45,1.41,1.37,1.32,1.28,1.23,1.19,1.14,1.1,1.05,1.01,0.96,0.91,0.87,0.82,0.78,0.73,0.69,0.65,0.6,0.56,0.52,0.48,0.44,0.4,0.37,0.33,0.3,0.26,0.23,0.2,0.17,0.15,0.12,0.1,0.08,0.063,0.046,0.033,0.021,0.012,0.005,0.001,0
PARAM_BREAST=0,0.002,0.008,0.018,0.03,0.046,0.064,0.09,0.11,0.13,0.16,0.18,0.21,0.24,0.27,0.3,0.33,0.35,0.38,0.4,0.42,0.45,0.464,0.48,0.492,0.502,0.508,0.51,0.509,0.505,0.498,0.49,0.479,0.466,0.451,0.434,0.415,0.395,0.37,0.35,0.33,0.3,0.27,0.24,0.22,0.19,0.15,0.12,0.09,0.06,0.03,0,-0.04,-0.07,-0.1,-0.14,-0.17,-0.2,-0.23,-0.26,-0.3,-0.33,-0.36,-0.38,-0.41,-0.44,-0.46,-0.49,-0.51,-0.53,-0.55,-0.573,-0.591,-0.606,-0.62,-0.632,-0.642,-0.65,-0.655,-0.659,-0.66,-0.659,-0.655,-0.649,-0.641,-0.63,-0.618,-0.604,-0.588,-0.571,-0.552,-0.533,-0.51,-0.49,-0.47,-0.44,-0.42,-0.4,-0.37,-0.35,-0.32,-0.3,-0.27,-0.25,-0.22,-0.2,-0.18,-0.16,-0.135,-0.116,-0.097,-0.08,-0.064,-0.05,-0.037,-0.026,-0.017,-0.01,-0.004,-0.001,0
PARAM_RIBBON=0,0.002,0.008,0.017,0.03,0.045,0.063,0.083,0.11,0.13,0.15,0.18,0.21,0.24,0.26,0.29,0.32,0.35,0.37,0.39,0.42,0.437,0.455,0.47,0.483,0.492,0.498,0.5,0.499,0.495,0.488,0.48,0.469,0.456,0.441,0.424,0.405,0.385,0.36,0.34,0.32,0.29,0.26,0.23,0.21,0.18,0.14,0.11,0.08,0.05,0.02,-0.01,-0.05,-0.08,-0.11,-0.15,-0.18,-0.21,-0.24,-0.27,-0.31,-0.34,-0.37,-0.39,-0.42,-0.45,-0.47,-0.5,-0.52,-0.54,-0.56,-0.583,-0.601,-0.616,-0.63,-0.642,-0.652,-0.66,-0.665,-0.669,-0.67,-0.669,-0.665,-0.659,-0.65,-0.64,-0.627,-0.613,-0.597,-0.58,-0.561,-0.541,-0.52,-0.5,-0.47,-0.45,-0.43,-0.4,-0.38,-0.35,-0.33,-0.3,-0.28,-0.25,-0.23,-0.2,-0.18,-0.16,-0.14,-0.117,-0.099,-0.081,-0.065,-0.051,-0.038,-0.027,-0.017,-0.01,-0.004,-0.001,0
PARAM_HAIR_FRONT=0,-0.002,-0.008,-0.018,-0.032,-0.048,-0.068,-0.09,-0.11,-0.14,-0.17,-0.2,-0.23,-0.26,-0.29,-0.33,-0.36,-0.39,-0.42,-0.45,-0.48,-0.51,-0.54,-0.56,-0.58,-0.602,-0.618,-0.632,-0.642,-0.648,-0.65,-0.648,-0.644,-0.636,-0.625,-0.612,-0.596,-0.578,-0.56,-0.53,-0.51,-0.48,-0.45,-0.42,-0.39,-0.36,-0.32,-0.29,-0.25,-0.22,-0.18,-0.14,-0.1,-0.06,-0.02,0.01,0.05,0.09,0.13,0.17,0.2,0.24,0.27,0.31,0.34,0.37,0.4,0.43,0.46,0.48,0.5,0.53,0.544,0.561,0.576,0.588,0.597,0.604,0.609,0.61,0.609,0.605,0.6,0.592,0.583,0.572,0.559,0.545,0.53,0.513,0.496,0.477,0.458,0.438,0.42,0.4,0.37,0.35,0.33,0.31,0.29,0.26,0.24,0.22,0.2,0.18,0.159,0.14,0.121,0.104,0.087,0.072,0.058,0.045,0.034,0.024,0.016,0.009,0.004,0.001,0
PARAM_HAIR_SIDE=0,-0.002,-0.006,-0.013,-0.023,-0.035,-0.049,-0.065,-0.083,-0.103,-0.12,-0.15,-0.17,-0.2,-0.22,-0.25,-0.28,-0.3,-0.33,-0.36,-0.38,-0.41,-0.44,-0.46,-0.49,-0.51,-0.54,-0.56,-0.577,-0.595,-0.611,-0.625,-0.637,-0.647,-0.654,-0.658,-0.66,-0.658,-0.654,-0.646,-0.635,-0.622,-0.606,-0.588,-0.57,-0.54,-0.52,-0.49,-0.47,-0.44,-0.4,-0.37,-0.34,-0.3,-0.27,-0.23,-0.19,-0.15,-0.12,-0.08,-0.04,0,0.04,0.07,0.11,0.15,0.19,0.22,0.26,0.29,0.32,0.35,0.38,0.41,0.44,0.46,0.49,0.51,0.525,0.542,0.556,0.568,0.577,0.584,0.589,0.59,0.588,0.584,0.576,0.567,0.554,0.54,0.524,0.506,0.487,0.47,0.44,0.42,0.4,0.37,0.35,0.32,0.3,0.27,0.25,0.22,0.2,0.18,0.15,0.13,0.11,0.093,0.075,0.058,0.044,0.031,0.02,0.012,0.005,0.001,0
PARAM_HAIR_BACK=0,-0.001,-0.005,-0.01,-0.018,-0.027,-0.039,-0.052,-0.066,-0.081,-0.098,-0.116,-0.135,-0.155,-0.18,-0.2,-0.22,-0.24,-0.26,-0.28,-0.31,-0.33,-0.35,-0.37,-0.4,-0.42,-0.44,-0.459,-0.478,-0.497,-0.514,-0.531,-0.547,-0.561,-0.574,-0.586,-0.596,-0.604,-0.611,-0.616,-0.619,-0.62,-0.618,-0.614,-0.607,-0.597,-0.585,-0.57,-0.553,-0.534,-0.51,-0.49,-0.47,-0.44,-0.41,-0.38,-0.35,-0.32,-0.29,-0.25,-0.22,-0.19,-0.15,-0.12,-0.08,-0.04,-0.01,0.03,0.06,0.1,0.13,0.16,0.2,0.23,0.26,0.29,0.32,0.35,0.37,0.4,0.42,0.44,0.462,0.48,0.495,0.508,0.52,0.528,0.535,0.539,0.54,0.538,0.533,0.525,0.514,0.5,0.484,0.465,0.445,0.42,0.4,0.38,0.35,0.32,0.3,0.27,0.24,0.22,0.19,0.16,0.14,0.12,0.09,0.075,0.056,0.04,0.026,0.015,0.007,0.002,0
PARAM_SKIRT_R=0,-0.002,-0.008,-0.019,-0.032,-0.049,-0.069,-0.09,-0.12,-0.14,-0.17,-0.2,-0.23,-0.26,-0.3,-0.33,-0.36,-0.4,-0.43,-0.46,-0.49,-0.52,-0.54,-0.57,-0.59,-0.611,-0.628,-0.641,-0.652,-0.658,-0.66,-0.659,-0.655,-0.649,-0.641,-0.631,-0.618,-0.604,-0.588,-0.57,-0.55,-0.53,-0.51,-0.48,-0.46,-0.43,-0.4,-0.37,-0.35,-0.31,-0.28,-0.25,-0.22,-0.19,-0.15,-0.12,-0.09,-0.05,-0.02,0.01,0.05,0.08,0.11,0.14,0.17,0.2,0.23,0.26,0.29,0.32,0.35,0.37,0.4,0.42,0.44,0.459,0.477,0.494,0.509,0.522,0.533,0.543,0.55,0.556,0.559,0.56,0.558,0.554,0.547,0.538,0.526,0.512,0.497,0.48,0.462,0.442,0.421,0.4,0.38,0.35,0.33,0.31,0.28,0.26,0.24,0.21,0.19,0.17,0.15,0.13,0.106,0.088,0.071,0.055,0.042,0.03,0.019,0.011,0.005,0.001,0
PARAM_SKIRT_L=0,-0.001,-0.006,-0.012,-0.022,-0.033,-0.047,-0.062,-0.079,-0.098,-0.119,-0.14,-0.16,-0.19,-0.21,-0.24,-0.26,-0.29,-0.32,-0.34,-0.37,-0.39,-0.42,-0.44,-0.47,-0.49,-0.51,-0.532,-0.551,-0.568,-0.583,-0.597,-0.608,-0.618,-0.624,-0.629,-0.63,-0.629,-0.625,-0.62,-0.612,-0.602,-0.59,-0.577,-0.561,-0.544,-0.526,-0.505,-0.48,-0.46,-0.44,-0.41,-0.39,-0.36,-0.33,-0.3,-0.27,-0.24,-0.21,-0.18,-0.15,-0.12,-0.09,-0.05,-0.02,0.01,0.04,0.07,0.1,0.13,0.16,0.19,0.22,0.25,0.28,0.3,0.33,0.35,0.37,0.39,0.42,0.434,0.451,0.467,0.481,0.494,0.505,0.514,0.521,0.526,0.529,0.53,0.528,0.522,0.512,0.499,0.484,0.466,0.445,0.42,0.4,0.37,0.35,0.32,0.3,0.27,0.24,0.21,0.19,0.16,0.14,0.12,0.09,0.073,0.055,0.039,0.026,0.015,0.007,0.002,0
PARAM_FUR=0,-0.002,-0.008,-0.018,-0.031,-0.048,-0.067,-0.09,-0.11,-0.14,-0.17,-0.2,-0.23,-0.26,-0.29,-0.32,-0.35,-0.38,-0.41,-0.44,-0.47,-0.5,-0.53,-0.55,-0.57,-0.592,-0.609,-0.622,-0.632,-0.638,-0.64,-0.638,-0.634,-0.627,-0.617,-0.605,-0.59,-0.574,-0.555,-0.534,-0.51,-0.49,-0.46,-0.43,-0.41,-0.38,-0.35,-0.31,-0.28,-0.25,-0.22,-0.18,-0.15,-0.11,-0.08,-0.04,-0.01,0.03,0.06,0.1,0.13,0.16,0.19,0.23,0.26,0.29,0.31,0.34,0.37,0.39,0.41,0.43,0.453,0.47,0.485,0.498,0.509,0.518,0.525,0.529,0.53,0.529,0.526,0.521,0.514,0.506,0.496,0.485,0.472,0.459,0.444,0.428,0.411,0.393,0.375,0.356,0.337,0.317,0.298,0.277,0.258,0.237,0.218,0.198,0.179,0.161,0.143,0.125,0.109,0.093,0.078,0.064,0.052,0.04,0.03,0.021,0.014,0.008,0.004,0.001,0
PARAM_FUR_R=0,-0.001,-0.004,-0.01,-0.017,-0.025,-0.036,-0.047,-0.06,-0.074,-0.09,-0.106,-0.122,-0.14,-0.157,-0.175,-0.194,-0.212,-0.23,-0.248,-0.265,-0.283,-0.299,-0.315,-0.33,-0.344,-0.357,-0.368,-0.379,-0.388,-0.396,-0.402,-0.406,-0.409,-0.41,-0.409,-0.406,-0.402,-0.395,-0.388,-0.378,-0.368,-0.355,-0.342,-0.328,-0.312,-0.296,-0.279,-0.26,-0.241,-0.221,-0.201,-0.18,-0.16,-0.14,-0.12,-0.09,-0.07,-0.05,-0.03,0,0.02,0.04,0.06,0.08,0.1,0.125,0.145,0.164,0.183,0.201,0.218,0.235,0.25,0.265,0.278,0.29,0.302,0.311,0.32,0.327,0.333,0.337,0.339,0.34,0.339,0.337,0.333,0.328,0.322,0.315,0.306,0.297,0.287,0.276,0.264,0.252,0.239,0.226,0.212,0.198,0.184,0.17,0.156,0.142,0.128,0.114,0.101,0.088,0.076,0.064,0.053,0.043,0.034,0.025,0.018,0.012,0.007,0.003,0.001,0
PARAM_FUR_L=0,-0.001,-0.003,-0.007,-0.013,-0.019,-0.027,-0.036,-0.047,-0.058,-0.069,-0.082,-0.095,-0.108,-0.122,-0.136,-0.151,-0.166,-0.181,-0.196,-0.211,-0.225,-0.24,-0.254,-0.268,-0.281,-0.294,-0.306,-0.318,-0.329,-0.338,-0.348,-0.356,-0.363,-0.369,-0.374,-0.377,-0.379,-0.38,-0.379,-0.376,-0.372,-0.366,-0.358,-0.35,-0.339,-0.328,-0.315,-0.301,-0.286,-0.27,-0.254,-0.236,-0.218,-0.199,-0.179,-0.16,-0.139,-0.12,-0.1,-0.08,-0.05,-0.03,-0.01,0.01,0.03,0.05,0.07,0.09,0.114,0.133,0.153,0.171,0.19,0.207,0.223,0.239,0.254,0.268,0.28,0.292,0.303,0.312,0.321,0.327,0.333,0.337,0.339,0.34,0.339,0.336,0.331,0.324,0.316,0.306,0.295,0.283,0.27,0.256,0.242,0.227,0.211,0.196,0.18,0.164,0.148,0.133,0.118,0.103,0.089,0.075,0.062,0.05,0.04,0.03,0.021,0.014,0.008,0.004,0.001,0
PARAM_ARM_R=0,0,0,0,0,0,0,-0.001,-0.001,-0.001,-0.001,-0.001,-0.002,-0.002,-0.002,-0.002,-0.003,-0.003,-0.003,-0.004,-0.004,-0.004,-0.005,-0.005,-0.006,-0.006,-0.006,-0.007,-0.007,-0.008,-0.008,-0.008,-0.009,-0.009,-0.01,-0.01,-0.011,-0.011,-0.012,-0.012,-0.012,-0.013,-0.013,-0.014,-0.014,-0.014,-0.015,-0.015,-0.016,-0.016,-0.016,-0.017,-0.017,-0.017,-0.018,-0.018,-0.018,-0.018,-0.019,-0.019,-0.019,-0.019,-0.019,-0.02,-0.02,-0.02,-0.02,-0.02,-0.02,-0.02,-0.02,-0.02,-0.02,-0.02,-0.019,-0.019,-0.019,-0.019,-0.018,-0.018,-0.018,-0.017,-0.017,-0.016,-0.016,-0.015,-0.015,-0.014,-0.014,-0.013,-0.013,-0.012,-0.011,-0.011,-0.01,-0.01,-0.009,-0.009,-0.008,-0.007,-0.007,-0.006,-0.006,-0.005,-0.005,-0.004,-0.004,-0.003,-0.003,-0.002,-0.002,-0.002,-0.001,-0.001,-0.001,-0.001,0,0,0,0,0
PARAM_ELBOW_R=0,0,-0.001,-0.001,-0.003,-0.004,-0.006,-0.007,-0.01,-0.012,-0.015,-0.017,-0.02,-0.023,-0.027,-0.03,-0.034,-0.037,-0.041,-0.045,-0.049,-0.053,-0.057,-0.061,-0.065,-0.069,-0.073,-0.076,-0.08,-0.084,-0.088,-0.092,-0.095,-0.099,-0.102,-0.105,-0.108,-0.111,-0.114,-0.117,-0.119,-0.121,-0.123,-0.125,-0.126,-0.128,-0.129,-0.129,-0.13,-0.13,-0.13,-0.13,-0.129,-0.129,-0.128,-0.127,-0.126,-0.125,-0.124,-0.123,-0.121,-0.12,-0.118,-0.116,-0.114,-0.113,-0.111,-0.108,-0.106,-0.104,-0.102,-0.099,-0.097,-0.095,-0.092,-0.089,-0.087,-0.084,-0.082,-0.079,-0.076,-0.074,-0.071,-0.068,-0.065,-0.063,-0.06,-0.057,-0.054,-0.052,-0.049,-0.046,-0.044,-0.041,-0.039,-0.036,-0.034,-0.031,-0.029,-0.027,-0.025,-0.022,-0.02,-0.018,-0.016,-0.015,-0.013,-0.011,-0.01,-0.008,-0.007,-0.006,-0.004,-0.003,-0.003,-0.002,-0.001,-0.001,0,0,0
PARAM_HAND_R=0,0,-0.001,-0.003,-0.006,-0.009,-0.012,-0.016,-0.021,-0.026,-0.032,-0.038,-0.045,-0.051,-0.059,-0.066,-0.074,-0.082,-0.091,-0.099,-0.108,-0.117,-0.127,-0.136,-0.145,-0.155,-0.164,-0.174,-0.184,-0.193,-0.203,-0.212,-0.222,-0.231,-0.24,-0.249,-0.258,-0.266,-0.275,-0.283,-0.291,-0.298,-0.305,-0.312,-0.319,-0.325,-0.331,-0.336,-0.341,-0.345,-0.349,-0.352,-0.355,-0.357,-0.359,-0.36,-0.36,-0.36,-0.359,-0.358,-0.356,-0.354,-0.351,-0.348,-0.344,-0.34,-0.336,-0.331,-0.326,-0.32,-0.315,-0.309,-0.302,-0.296,-0.289,-0.282,-0.274,-0.267,-0.259,-0.251,-0.243,-0.235,-0.227,-0.219,-0.211,-0.202,-0.194,-0.185,-0.177,-0.168,-0.16,-0.152,-0.143,-0.135,-0.127,-0.119,-0.111,-0.103,-0.096,-0.088,-0.081,-0.074,-0.067,-0.06,-0.054,-0.048,-0.042,-0.037,-0.032,-0.027,-0.023,-0.018,-0.015,-0.011,-0.008,-0.006,-0.004,-0.002,-0.001,0,0
PARAM_ARM_L=0,0,0,0,0,0,0,0,0,-0.001,-0.001,-0.001,-0.001,-0.001,-0.001,-0.001,-0.001,-0.002,-0.002,-0.002,-0.002,-0.002,-0.003,-0.003,-0.003,-0.003,-0.003,-0.004,-0.004,-0.004,-0.004,-0.005,-0.005,-0.005,-0.005,-0.005,-0.006,-0.006,-0.006,-0.006,-0.007,-0.007,-0.007,-0.007,-0.007,-0.008,-0.008,-0.008,-0.008,-0.008,-0.009,-0.009,-0.009,-0.009,-0.009,-0.009,-0.009,-0.009,-0.01,-0.01,-0.01,-0.01,-0.01,-0.01,-0.01,-0.01,-0.01,-0.01,-0.01,-0.01,-0.01,-0.01,-0.01,-0.01,-0.009,-0.009,-0.009,-0.009,-0.009,-0.009,-0.008,-0.008,-0.008,-0.008,-0.007,-0.007,-0.007,-0.007,-0.006,-0.006,-0.006,-0.006,-0.005,-0.005,-0.005,-0.004,-0.004,-0.004,-0.004,-0.003,-0.003,-0.003,-0.003,-0.002,-0.002,-0.002,-0.002,-0.001,-0.001,-0.001,-0.001,-0.001,-0.001,0,0,0,0,0,0,0,0
PARAM_ELBOW_L=0,0,-0.001,-0.002,-0.003,-0.004,-0.006,-0.008,-0.011,-0.013,-0.016,-0.019,-0.023,-0.026,-0.029,-0.033,-0.036,-0.04,-0.044,-0.048,-0.051,-0.055,-0.059,-0.063,-0.066,-0.07,-0.073,-0.076,-0.08,-0.082,-0.085,-0.088,-0.09,-0.092,-0.094,-0.096,-0.097,-0.099,-0.099,-0.1,-0.1,-0.1,-0.099,-0.098,-0.096,-0.094,-0.091,-0.088,-0.085,-0.081,-0.077,-0.073,-0.068,-0.064,-0.059,-0.054,-0.049,-0.044,-0.039,-0.033,-0.028,-0.023,-0.018,-0.012,-0.007,-0.002,0.002,0.007,0.011,0.015,0.019,0.023,0.026,0.029,0.032,0.034,0.036,0.038,0.039,0.04,0.04,0.04,0.04,0.039,0.039,0.038,0.037,0.037,0.036,0.035,0.033,0.032,0.031,0.03,0.028,0.027,0.025,0.024,0.022,0.021,0.019,0.018,0.016,0.015,0.014,0.012,0.011,0.009,0.008,0.007,0.006,0.005,0.004,0.003,0.002,0.002,0.001,0.001,0,0,0
PARAM_HAND_L=0,0,-0.002,-0.004,-0.007,-0.011,-0.016,-0.021,-0.027,-0.033,-0.04,-0.048,-0.056,-0.065,-0.073,-0.083,-0.092,-0.102,-0.112,-0.122,-0.132,-0.143,-0.153,-0.164,-0.174,-0.185,-0.195,-0.205,-0.215,-0.225,-0.234,-0.243,-0.252,-0.261,-0.269,-0.276,-0.283,-0.29,-0.296,-0.301,-0.306,-0.31,-0.314,-0.316,-0.318,-0.32,-0.32,-0.319,-0.318,-0.315,-0.31,-0.305,-0.299,-0.292,-0.284,-0.275,-0.266,-0.256,-0.245,-0.233,-0.221,-0.209,-0.196,-0.183,-0.17,-0.156,-0.142,-0.128,-0.114,-0.1,-0.086,-0.072,-0.058,-0.044,-0.031,-0.018,-0.005,0.007,0.019,0.03,0.041,0.051,0.061,0.07,0.078,0.085,0.091,0.097,0.101,0.105,0.108,0.109,0.11,0.11,0.108,0.106,0.103,0.1,0.096,0.092,0.087,0.082,0.076,0.07,0.065,0.059,0.053,0.047,0.041,0.035,0.03,0.025,0.02,0.016,0.012,0.008,0.005,0.003,0.001,0,0
PARAM_FOOT_R=0,0,0,-0.001,-0.002,-0.003,-0.004,-0.005,-0.006,-0.008,-0.01,-0.012,-0.014,-0.016,-0.018,-0.021,-0.023,-0.026,-0.029,-0.032,-0.034,-0.037,-0.041,-0.044,-0.047,-0.05,-0.054,-0.057,-0.06,-0.064,-0.067,-0.071,-0.074,-0.078,-0.081,-0.085,-0.088,-0.092,-0.095,-0.099,-0.102,-0.105,-0.109,-0.112,-0.115,-0.118,-0.121,-0.124,-0.127,-0.13,-0.133,-0.136,-0.138,-0.141,-0.143,-0.145,-0.147,-0.149,-0.151,-0.153,-0.154,-0.155,-0.157,-0.158,-0.158,-0.159,-0.16,-0.16,-0.16,-0.16,-0.159,-0.158,-0.157,-0.156,-0.154,-0.152,-0.149,-0.147,-0.144,-0.141,-0.138,-0.134,-0.131,-0.127,-0.123,-0.119,-0.114,-0.11,-0.106,-0.101,-0.097,-0.092,-0.087,-0.083,-0.078,-0.074,-0.069,-0.065,-0.06,-0.056,-0.051,-0.047,-0.043,-0.039,-0.035,-0.031,-0.027,-0.024,-0.021,-0.018,-0.015,-0.012,-0.01,-0.007,-0.006,-0.004,-0.003,-0.001,-0.001,0,0
PARAM_FOOT_L=0,0,-0.001,-0.003,-0.005,-0.008,-0.011,-0.015,-0.02,-0.025,-0.03,-0.036,-0.043,-0.05,-0.057,-0.064,-0.072,-0.081,-0.089,-0.098,-0.108,-0.117,-0.127,-0.137,-0.147,-0.158,-0.168,-0.179,-0.19,-0.201,-0.212,-0.223,-0.234,-0.245,-0.256,-0.267,-0.278,-0.289,-0.3,-0.311,-0.322,-0.332,-0.343,-0.353,-0.363,-0.373,-0.382,-0.392,-0.401,-0.409,-0.418,-0.426,-0.433,-0.44,-0.447,-0.454,-0.46,-0.465,-0.47,-0.475,-0.479,-0.482,-0.485,-0.487,-0.489,-0.49,-0.49,-0.49,-0.488,-0.486,-0.482,-0.478,-0.473,-0.467,-0.461,-0.454,-0.446,-0.437,-0.428,-0.418,-0.408,-0.398,-0.386,-0.375,-0.363,-0.351,-0.338,-0.325,-0.312,-0.299,-0.286,-0.272,-0.259,-0.245,-0.231,-0.218,-0.204,-0.191,-0.178,-0.165,-0.152,-0.139,-0.127,-0.115,-0.104,-0.092,-0.082,-0.072,-0.062,-0.053,-0.044,-0.036,-0.029,-0.023,-0.017,-0.012,-0.008,-0.004,-0.002,0,0
PARAM_BODY_2=0,0,-0.002,-0.004,-0.007,-0.011,-0.015,-0.02,-0.026,-0.032,-0.039,-0.046,-0.054,-0.062,-0.07,-0.079,-0.087,-0.096,-0.105,-0.114,-0.123,-0.132,-0.141,-0.15,-0.159,-0.167,-0.175,-0.183,-0.191,-0.198,-0.205,-0.211,-0.217,-0.222,-0.226,-0.23,-0.234,-0.236,-0.238,-0.24,-0.24,-0.239,-0.238,-0.235,-0.231,-0.227,-0.221,-0.215,-0.207,-0.199,-0.191,-0.181,-0.171,-0.161,-0.15,-0.138,-0.126,-0.114,-0.101,-0.088,-0.075,-0.061,-0.047,-0.034,-0.02,-0.006,0.007,0.021,0.035,0.048,0.061,0.074,0.086,0.098,0.11,0.121,0.131,0.141,0.151,0.159,0.167,0.175,0.181,0.187,0.191,0.195,0.198,0.199,0.2,0.199,0.197,0.194,0.19,0.186,0.18,0.173,0.166,0.159,0.151,0.142,0.133,0.124,0.115,0.106,0.096,0.087,0.078,0.069,0.061,0.052,0.044,0.037,0.03,0.023,0.017,0.012,0.008,0.005,0.002,0.001,0
PARAM_ELBOW_ORDER=0
PARAM_KBUTO=0
VISIBLE:PARTS_01_HAIR_BACK_001=1
VISIBLE:PARTS_01_BODY=1
VISIBLE:PARTS_01_FACE_001=1
VISIBLE:PARTS_01_MOUTH_001=1
VISIBLE:PARTS_01_HAIR_SIDE_001=1
VISIBLE:PARTS_01_HAIR_FRONT_001=1
VISIBLE:PARTS_01_EYE_BALL_001=1
VISIBLE:PARTS_01_EYE_001=1
VISIBLE:PARTS_01_BROW_001=1