# Live2D Animator Motion Data
$fps=30

$fadein=200

$fadeout=100

PARAM_ANGLE_X=0,-0.12,-0.46,-1.01,-1.73,-2.61,-3.63,-4.79,-6.03,-7.38,-8.78,-10.24,-11.73,-13.27,-14.8,-16.34,-17.86,-19.34,-20.8,-22.18,-23.49,-24.71,-25.84,-26.87,-27.77,-28.54,-29.16,-29.62,-29.9,-30,-29.9,-29.64,-29.2,-28.62,-27.92,-27.11,-26.18,-25.18,-24.09,-22.96,-21.77,-20.55,-19.29,-18.02,-16.75,-15.47,-14.23,-12.99,-11.8,-10.65,-9.58,-8.55,-7.59,-6.73,-5.95,-5.29,-4.73,-4.3,-4,-3.77,-3.54,-3.33,-3.13,-2.94,-2.76,-2.6,-2.44,-2.3,-2.17,-2.04,-1.92,-1.82,-1.72,-1.63,-1.55,-1.48,-1.41,-1.35,-1.29,-1.24,-1.2,-1.16,-1.13,-1.1,-1.08,-1.061,-1.044,-1.031,-1.02,-1.012,-1.007,-1.003,-1,-0.999,-0.999,-0.999,-0.999,-1,-1,-1.09,-1.35,-1.76,-2.3,-2.98,-3.76,-4.66,-5.63,-6.67,-7.75,-8.91,-10.08,-11.26,-12.45,-13.62,-14.78,-15.92,-16.99,-18.01,-18.96,-19.85,-20.62,-21.32,-21.91,-22.37,-22.71,-22.93,-23,-22.88,-22.55,-22.01,-21.29,-20.43,-19.41,-18.26,-17.05,-15.72,-14.34,-12.95,-11.5,-10.05,-8.66,-7.28,-5.95,-4.74,-3.59,-2.57,-1.71,-0.99,-0.45,-0.12,0
PARAM_ANGLE_Y=0,-1.73,-5.92,-11.5,-17.08,-21.27,-23,-20.72,-15.18,-8.41,-1.81,3.49,6.86,8,6.01,1.19,-4.71,-10.46,-15.07,-18.01,-19,-18.81,-18.25,-17.35,-16.14,-14.66,-12.95,-10.99,-8.85,-6.58,-4.14,-1.6,1.01,3.66,6.34,8.99,11.6,14.14,16.58,18.85,20.99,22.95,24.66,26.14,27.35,28.25,28.81,29,28.81,28.25,27.34,26.13,24.64,22.88,20.89,18.69,16.34,13.81,11.14,8.41,5.6,2.74,-0.15,-3,-5.83,-8.62,-11.33,-13.96,-16.43,-18.76,-20.94,-22.94,-24.71,-26.26,-27.56,-28.6,-29.37,-29.84,-30,-28.37,-24.28,-18.72,-12.17,-5.34,1.46,7.97,13.55,18.2,21.42,23,23.66,24.27,24.85,25.38,25.88,26.34,26.76,27.16,27.52,27.85,28.15,28.42,28.67,28.89,29.08,29.26,29.41,29.54,29.65,29.74,29.82,29.88,29.93,29.96,29.98,29.996,30,29.12,26.84,23.51,19.39,14.81,10.02,5.18,0.48,-3.91,-7.88,-11.16,-13.75,-15.42,-16,-15.86,-15.47,-14.87,-14.1,-13.19,-12.17,-11.07,-9.93,-8.75,-7.55,-6.39,-5.26,-4.18,-3.2,-2.29,-1.52,-0.88,-0.41,-0.11,0
PARAM_ANGLE_Z=0,-0.04,-0.14,-0.3,-0.52,-0.78,-1.09,-1.44,-1.81,-2.21,-2.63,-3.07,-3.52,-3.98,-4.44,-4.9,-5.36,-5.8,-6.24,-6.65,-7.05,-7.41,-7.75,-8.06,-8.33,-8.56,-8.75,-8.89,-8.97,-9,-8.91,-8.67,-8.27,-7.73,-7.09,-6.34,-5.48,-4.56,-3.56,-2.52,-1.42,-0.3,0.86,2.03,3.21,4.38,5.53,6.67,7.77,8.83,9.82,10.78,11.66,12.46,13.18,13.8,14.32,14.72,15,15.22,15.43,15.62,15.8,15.96,16.1,16.24,16.35,16.46,16.55,16.64,16.71,16.77,16.83,16.87,16.91,16.94,16.96,16.983,16.997,17.007,17.013,17.016,17.017,17.015,17.013,17.01,17.006,17.003,17.001,17,16.82,16.32,15.51,14.44,13.16,11.7,10.05,8.35,6.52,4.67,2.79,0.98,-0.82,-2.51,-4.11,-5.54,-6.82,-7.93,-8.81,-9.46,-9.86,-10,-10,-10,-10,-10,-10,-10,-10,-10,-10,-10,-10,-10,-10,-10,-10,-10,-10,-10,-10,-10,-10,-10,-10,-10,-10,-9.81,-9.31,-8.59,-7.69,-6.7,-5.66,-4.6,-3.58,-2.63,-1.76,-1.05,-0.49,-0.13,0
PARAM_EYE_R_OPEN=1,0.93,0.75,0.53,0.32,0.15,0.04,0,0,0,0,0,0,0,0,0,0,0.003,0.011,0.024,0.041,0.06,0.09,0.11,0.14,0.18,0.21,0.24,0.28,0.32,0.35,0.39,0.42,0.46,0.49,0.52,0.55,0.58,0.6,0.63,0.65,0.67,0.7,0.72,0.74,0.76,0.782,0.802,0.821,0.84,0.858,0.876,0.893,0.909,0.925,0.94,0.955,0.969,0.983,0.996,1.009,1.021,1.033,1.044,1.055,1.065,1.075,1.084,1.093,1.102,1.11,1.118,1.125,1.132,1.138,1.144,1.15,1.155,1.16,1.165,1.169,1.173,1.177,1.181,1.184,1.186,1.189,1.191,1.193,1.195,1.196,1.197,1.198,1.199,1.2,1.2,1.2,1.195,1.182,1.16,1.13,1.1,1.06,1.02,0.98,0.93,0.89,0.84,0.8,0.76,0.72,0.69,0.66,0.63,0.614,0.6,0.589,0.579,0.571,0.563,0.556,0.551,0.546,0.542,0.538,0.536,0.534,0.532,0.531,0.53,0.53,0.53,0.53,0.53,0.53,0.53,0.53,0.539,0.56,0.6,0.64,0.69,0.73,0.78,0.83,0.88,0.92,0.95,0.98,0.994,1
PARAM_EYE_R_SMILE=0,0.07,0.25,0.47,0.68,0.85,0.96,1,1,1,1,1,1,1,1,1,1,1,0.999,0.998,0.997,0.996,0.994,0.992,0.989,0.987,0.984,0.98,0.977,0.973,0.969,0.964,0.96,0.955,0.95,0.944,0.938,0.933,0.926,0.92,0.913,0.907,0.9,0.893,0.885,0.877,0.87,0.862,0.854,0.845,0.837,0.828,0.819,0.81,0.801,0.792,0.783,0.773,0.763,0.754,0.744,0.734,0.724,0.713,0.703,0.693,0.682,0.672,0.661,0.65,0.64,0.629,0.618,0.607,0.596,0.585,0.574,0.563,0.552,0.54,0.529,0.518,0.507,0.496,0.485,0.473,0.462,0.451,0.44,0.429,0.418,0.407,0.396,0.385,0.374,0.363,0.353,0.342,0.331,0.321,0.31,0.3,0.29,0.28,0.27,0.26,0.25,0.24,0.23,0.221,0.212,0.202,0.193,0.184,0.176,0.167,0.158,0.15,0.142,0.134,0.126,0.119,0.111,0.104,0.097,0.09,0.084,0.077,0.071,0.065,0.059,0.054,0.049,0.044,0.039,0.034,0.03,0.026,0.022,0.019,0.016,0.013,0.01,0.008,0.006,0.004,0.003,0.001,0.001,0,0
PARAM_EYE_L_OPEN=1,0.93,0.75,0.53,0.32,0.15,0.04,0,0,0,0,0,0,0,0,0,0,0.003,0.011,0.024,0.041,0.06,0.09,0.11,0.14,0.18,0.21,0.24,0.28,0.32,0.35,0.39,0.42,0.46,0.49,0.52,0.55,0.58,0.6,0.63,0.65,0.67,0.7,0.72,0.74,0.76,0.782,0.802,0.821,0.84,0.858,0.876,0.893,0.909,0.925,0.94,0.955,0.969,0.983,0.996,1.009,1.021,1.033,1.044,1.055,1.065,1.075,1.084,1.093,1.102,1.11,1.118,1.125,1.132,1.138,1.144,1.15,1.155,1.16,1.165,1.169,1.173,1.177,1.181,1.184,1.186,1.189,1.191,1.193,1.195,1.196,1.197,1.198,1.199,1.2,1.2,1.2,1.198,1.193,1.185,1.175,1.163,1.149,1.134,1.118,1.102,1.086,1.071,1.056,1.042,1.03,1.02,1.011,1.005,1.001,1,1,1,1,1,1,1,1,1,1,1,1,1,1,1,1,1,1,1,1,1,1,1,1,1,1,1,1,1,1,1,1,1,1,1,1
PARAM_EYE_L_SMILE=0,0.07,0.25,0.47,0.68,0.85,0.96,1,1,1,1,1,1,1,1,1,1,1,0.999,0.998,0.997,0.996,0.994,0.992,0.989,0.987,0.984,0.98,0.977,0.973,0.969,0.964,0.96,0.955,0.95,0.944,0.938,0.933,0.926,0.92,0.913,0.907,0.9,0.893,0.885,0.877,0.87,0.862,0.854,0.845,0.837,0.828,0.819,0.81,0.801,0.792,0.783,0.773,0.763,0.754,0.744,0.734,0.724,0.713,0.703,0.693,0.682,0.672,0.661,0.65,0.64,0.629,0.618,0.607,0.596,0.585,0.574,0.563,0.552,0.54,0.529,0.518,0.507,0.496,0.485,0.473,0.462,0.451,0.44,0.429,0.418,0.407,0.396,0.385,0.374,0.363,0.353,0.342,0.331,0.321,0.31,0.3,0.29,0.28,0.27,0.26,0.25,0.24,0.23,0.221,0.212,0.202,0.193,0.184,0.176,0.167,0.158,0.15,0.142,0.134,0.126,0.119,0.111,0.104,0.097,0.09,0.084,0.077,0.071,0.065,0.059,0.054,0.049,0.044,0.039,0.034,0.03,0.026,0.022,0.019,0.016,0.013,0.01,0.008,0.006,0.004,0.003,0.001,0.001,0,0
PARAM_EYE_BALL_X=0,0,0,0,0,0,0,-0.001,-0.001,-0.001,-0.001,-0.001,-0.001,-0.002,-0.002,-0.002,-0.002,-0.003,-0.003,-0.003,-0.004,-0.004,-0.004,-0.005,-0.005,-0.005,-0.006,-0.006,-0.007,-0.007,-0.007,-0.008,-0.008,-0.009,-0.009,-0.009,-0.01,-0.01,-0.011,-0.011,-0.011,-0.012,-0.012,-0.013,-0.013,-0.013,-0.014,-0.014,-0.014,-0.015,-0.015,-0.015,-0.016,-0.016,-0.016,-0.017,-0.017,-0.017,-0.018,-0.018,-0.018,-0.018,-0.019,-0.019,-0.019,-0.019,-0.019,-0.02,-0.02,-0.02,-0.02,-0.02,-0.02,-0.02,-0.02,-0.02,-0.02,-0.019,-0.019,-0.019,-0.018,-0.018,-0.017,-0.016,-0.015,-0.014,-0.013,-0.013,-0.012,-0.011,-0.009,-0.008,-0.007,-0.006,-0.005,-0.004,-0.003,-0.002,-0.001,0,0.001,0.002,0.003,0.004,0.005,0.006,0.006,0.007,0.008,0.008,0.009,0.009,0.01,0.01,0.01,0.01,0.01,0.009,0.008,0.007,0.006,0.004,0.002,0,-0.002,-0.004,-0.006,-0.008,-0.01,-0.012,-0.014,-0.016,-0.017,-0.018,-0.019,-0.02,-0.02,-0.02,-0.019,-0.017,-0.015,-0.013,-0.011,-0.009,-0.007,-0.005,-0.004,-0.002,-0.001,0,0
PARAM_EYE_BALL_Y=0,0,0.001,0.002,0.003,0.005,0.006,0.009,0.011,0.014,0.017,0.021,0.024,0.028,0.032,0.036,0.041,0.046,0.051,0.056,0.061,0.067,0.072,0.078,0.084,0.09,0.096,0.102,0.108,0.115,0.121,0.128,0.134,0.141,0.148,0.154,0.161,0.168,0.174,0.181,0.187,0.194,0.201,0.207,0.213,0.22,0.226,0.232,0.238,0.244,0.25,0.256,0.261,0.267,0.272,0.277,0.282,0.287,0.291,0.296,0.3,0.304,0.307,0.311,0.314,0.317,0.32,0.322,0.324,0.326,0.327,0.328,0.329,0.33,0.33,0.329,0.325,0.319,0.311,0.301,0.289,0.275,0.26,0.243,0.225,0.206,0.186,0.17,0.14,0.12,0.1,0.07,0.05,0.03,0,-0.02,-0.04,-0.07,-0.09,-0.11,-0.14,-0.16,-0.179,-0.199,-0.218,-0.235,-0.252,-0.267,-0.281,-0.293,-0.304,-0.313,-0.32,-0.326,-0.329,-0.33,-0.325,-0.31,-0.29,-0.25,-0.22,-0.17,-0.13,-0.07,-0.02,0.04,0.09,0.15,0.2,0.26,0.3,0.35,0.38,0.42,0.44,0.455,0.46,0.451,0.43,0.4,0.35,0.31,0.26,0.21,0.16,0.12,0.08,0.05,0.02,0.006,0
PARAM_BROW_R_Y=0,0,0.001,0.003,0.005,0.008,0.011,0.015,0.02,0.025,0.03,0.036,0.043,0.05,0.058,0.066,0.074,0.083,0.092,0.102,0.112,0.123,0.134,0.145,0.156,0.168,0.18,0.193,0.206,0.219,0.232,0.246,0.259,0.273,0.288,0.302,0.316,0.331,0.346,0.361,0.376,0.391,0.407,0.422,0.438,0.453,0.469,0.484,0.5,0.516,0.531,0.547,0.562,0.578,0.593,0.609,0.624,0.639,0.654,0.669,0.684,0.698,0.712,0.727,0.741,0.754,0.768,0.781,0.794,0.807,0.82,0.832,0.844,0.855,0.866,0.877,0.888,0.898,0.908,0.917,0.926,0.934,0.942,0.95,0.957,0.964,0.97,0.975,0.98,0.985,0.989,0.992,0.995,0.997,0.999,1,1,0.995,0.982,0.96,0.93,0.9,0.85,0.81,0.75,0.7,0.63,0.57,0.5,0.43,0.36,0.29,0.22,0.14,0.07,0,-0.08,-0.15,-0.21,-0.27,-0.33,-0.38,-0.42,-0.46,-0.5,-0.53,-0.56,-0.59,-0.61,-0.627,-0.642,-0.655,-0.664,-0.671,-0.676,-0.679,-0.68,-0.667,-0.63,-0.58,-0.52,-0.46,-0.38,-0.31,-0.24,-0.18,-0.12,-0.07,-0.03,-0.01,0
PARAM_BROW_R_ANGLE=0,0,0.001,0.003,0.005,0.008,0.011,0.015,0.02,0.025,0.03,0.036,0.043,0.05,0.058,0.066,0.074,0.083,0.092,0.102,0.112,0.123,0.134,0.145,0.156,0.168,0.18,0.193,0.206,0.219,0.232,0.246,0.259,0.273,0.288,0.302,0.316,0.331,0.346,0.361,0.376,0.391,0.407,0.422,0.438,0.453,0.469,0.484,0.5,0.516,0.531,0.547,0.562,0.578,0.593,0.609,0.624,0.639,0.654,0.669,0.684,0.698,0.712,0.727,0.741,0.754,0.768,0.781,0.794,0.807,0.82,0.832,0.844,0.855,0.866,0.877,0.888,0.898,0.908,0.917,0.926,0.934,0.942,0.95,0.957,0.964,0.97,0.975,0.98,0.985,0.989,0.992,0.995,0.997,0.999,1,1,0.991,0.97,0.93,0.87,0.81,0.74,0.67,0.59,0.51,0.43,0.35,0.28,0.21,0.15,0.1,0.06,0.03,0.007,0,0,0.001,0.002,0.003,0.004,0.006,0.008,0.01,0.012,0.014,0.016,0.018,0.02,0.022,0.024,0.026,0.027,0.028,0.029,0.03,0.03,0.029,0.028,0.026,0.023,0.02,0.017,0.014,0.011,0.008,0.005,0.003,0.001,0,0
PARAM_BROW_L_Y=0,0,0.001,0.003,0.005,0.008,0.011,0.015,0.02,0.025,0.03,0.036,0.043,0.05,0.058,0.066,0.074,0.083,0.092,0.102,0.112,0.123,0.134,0.145,0.156,0.168,0.18,0.193,0.206,0.219,0.232,0.246,0.259,0.273,0.288,0.302,0.316,0.331,0.346,0.361,0.376,0.391,0.407,0.422,0.438,0.453,0.469,0.484,0.5,0.516,0.531,0.547,0.562,0.578,0.593,0.609,0.624,0.639,0.654,0.669,0.684,0.698,0.712,0.727,0.741,0.754,0.768,0.781,0.794,0.807,0.82,0.832,0.844,0.855,0.866,0.877,0.888,0.898,0.908,0.917,0.926,0.934,0.942,0.95,0.957,0.964,0.97,0.975,0.98,0.985,0.989,0.992,0.995,0.997,0.999,1,1,0.991,0.97,0.93,0.87,0.81,0.74,0.67,0.59,0.51,0.43,0.35,0.28,0.21,0.15,0.1,0.06,0.03,0.007,0,0.006,0.023,0.05,0.09,0.13,0.18,0.23,0.29,0.35,0.42,0.48,0.55,0.61,0.67,0.72,0.77,0.81,0.85,0.88,0.894,0.9,0.883,0.84,0.77,0.69,0.6,0.51,0.41,0.32,0.24,0.16,0.09,0.04,0.01,0
PARAM_BROW_L_ANGLE=0,0,0.001,0.003,0.005,0.008,0.011,0.015,0.02,0.025,0.03,0.036,0.043,0.05,0.058,0.066,0.074,0.083,0.092,0.102,0.112,0.123,0.134,0.145,0.156,0.168,0.18,0.193,0.206,0.219,0.232,0.246,0.259,0.273,0.288,0.302,0.316,0.331,0.346,0.361,0.376,0.391,0.407,0.422,0.438,0.453,0.469,0.484,0.5,0.516,0.531,0.547,0.562,0.578,0.593,0.609,0.624,0.639,0.654,0.669,0.684,0.698,0.712,0.727,0.741,0.754,0.768,0.781,0.794,0.807,0.82,0.832,0.844,0.855,0.866,0.877,0.888,0.898,0.908,0.917,0.926,0.934,0.942,0.95,0.957,0.964,0.97,0.975,0.98,0.985,0.989,0.992,0.995,0.997,0.999,1,1,0.991,0.97,0.93,0.87,0.81,0.74,0.67,0.59,0.51,0.43,0.35,0.28,0.21,0.15,0.1,0.06,0.03,0.007,0,0.002,0.008,0.017,0.029,0.044,0.062,0.08,0.101,0.12,0.14,0.17,0.19,0.21,0.23,0.248,0.266,0.281,0.293,0.302,0.308,0.31,0.304,0.289,0.27,0.24,0.21,0.18,0.14,0.11,0.08,0.05,0.03,0.015,0.004,0
PARAM_MOUTH_FORM=0,0.013,0.05,0.1,0.17,0.26,0.35,0.44,0.54,0.63,0.72,0.8,0.87,0.92,0.96,0.99,1,1,1,1,1,1,1,1,1,1,1,1,1,1,1,1,1,1,1,1,1,1,1,1,1,1,1,1,1,1,1,1,1,1,1,1,1,1,1,1,1,1,1,1,1,1,1,1,1,1,1,1,1,1,1,1,1,1,1,1,1,1,1,1,1,1,1,1,1,1,1,1,1,1,1,1,1,1,1,1,1,1,1,1,1,1,1,1,1,1,1,1,1,1,1,1,1,1,1,1,1,1,1,1,1,1,1,1,1,1,1,1,1,1,1,1,1,1,1,1,1,0.981,0.93,0.86,0.77,0.67,0.57,0.46,0.36,0.26,0.18,0.11,0.05,0.01,0
PARAM_MOUTH_OPEN_Y=0,0.001,0.005,0.01,0.017,0.026,0.037,0.048,0.061,0.075,0.09,0.105,0.121,0.137,0.153,0.169,0.185,0.2,0.215,0.229,0.242,0.253,0.264,0.273,0.28,0.285,0.289,0.29,0.289,0.286,0.282,0.276,0.268,0.26,0.25,0.239,0.227,0.215,0.202,0.188,0.174,0.159,0.145,0.131,0.116,0.102,0.088,0.075,0.063,0.051,0.04,0.03,0.022,0.014,0.008,0.004,0.001,0,0,0,0,0,0,0,0,0,0,0,0,0,0,0,0,0,0,0,0,0,0,0,0,0,0,0,0,0,0,0,0,0,0,0,0,0,0,0,0,0,0,0,0,0,0,0,0,0,0,0,0,0,0,0,0,0,0,0,0,0,0,0,0,0,0,0,0,0,0,0,0,0,0,0,0,0,0,0,0,0,0,0,0,0,0,0,0,0,0,0,0,0,0
PARAM_BODY_ANGLE_X=0,-0.005,-0.02,-0.04,-0.08,-0.12,-0.17,-0.23,-0.3,-0.37,-0.45,-0.54,-0.64,-0.74,-0.85,-0.97,-1.09,-1.22,-1.35,-1.49,-1.63,-1.77,-1.92,-2.08,-2.24,-2.4,-2.56,-2.73,-2.9,-3.07,-3.25,-3.43,-3.61,-3.79,-3.97,-4.15,-4.33,-4.51,-4.7,-4.88,-5.06,-5.24,-5.43,-5.61,-5.79,-5.96,-6.14,-6.32,-6.49,-6.66,-6.82,-6.99,-7.15,-7.3,-7.46,-7.61,-7.75,-7.89,-8.03,-8.16,-8.29,-8.41,-8.53,-8.63,-8.74,-8.84,-8.93,-9.01,-9.09,-9.16,-9.22,-9.28,-9.33,-9.37,-9.4,-9.42,-9.435,-9.44,-9.423,-9.37,-9.29,-9.18,-9.04,-8.88,-8.68,-8.46,-8.22,-7.96,-7.67,-7.37,-7.04,-6.7,-6.34,-5.96,-5.57,-5.17,-4.77,-4.34,-3.91,-3.48,-3.04,-2.59,-2.13,-1.68,-1.22,-0.76,-0.31,0.15,0.6,1.04,1.47,1.91,2.33,2.73,3.14,3.52,3.9,4.26,4.6,4.93,5.23,5.52,5.78,6.02,6.24,6.44,6.6,6.74,6.85,6.93,6.98,7,6.94,6.76,6.49,6.12,5.69,5.21,4.68,4.13,3.57,3.01,2.47,1.96,1.48,1.06,0.7,0.4,0.18,0.05,0
PARAM_BODY_ANGLE_Y=0,0.1,0.38,0.78,1.25,1.75,2.22,2.62,2.9,3,2.67,1.96,1.08,0.16,-0.67,-1.37,-1.83,-2,-1.984,-1.94,-1.86,-1.76,-1.64,-1.49,-1.33,-1.14,-0.95,-0.73,-0.51,-0.28,-0.04,0.21,0.46,0.71,0.97,1.22,1.48,1.72,1.97,2.21,2.44,2.66,2.86,3.06,3.24,3.41,3.55,3.68,3.79,3.88,3.95,3.99,4,3.81,3.31,2.59,1.69,0.7,-0.34,-1.4,-2.42,-3.37,-4.24,-4.95,-5.51,-5.87,-6,-5.96,-5.84,-5.66,-5.41,-5.11,-4.75,-4.35,-3.93,-3.47,-2.99,-2.5,-2,-1.5,-1.01,-0.53,-0.07,0.35,0.75,1.11,1.41,1.66,1.84,1.96,2,1.98,1.92,1.81,1.68,1.51,1.3,1.07,0.82,0.55,0.25,-0.06,-0.39,-0.73,-1.07,-1.42,-1.78,-2.13,-2.49,-2.84,-3.18,-3.51,-3.84,-4.14,-4.43,-4.71,-4.96,-5.19,-5.39,-5.57,-5.72,-5.84,-5.93,-5.98,-6,-5.97,-5.88,-5.75,-5.57,-5.36,-5.11,-4.83,-4.54,-4.22,-3.89,-3.56,-3.22,-2.87,-2.53,-2.2,-1.87,-1.57,-1.28,-1,-0.76,-0.54,-0.36,-0.21,-0.09,-0.02,0
PARAM_BODY_ANGLE_Z=0,-0.006,-0.025,-0.06,-0.1,-0.15,-0.21,-0.28,-0.35,-0.43,-0.52,-0.61,-0.7,-0.8,-0.9,-1,-1.1,-1.2,-1.3,-1.39,-1.48,-1.57,-1.65,-1.72,-1.79,-1.85,-1.9,-1.94,-1.97,-1.994,-2,-1.994,-1.978,-1.95,-1.91,-1.87,-1.81,-1.75,-1.67,-1.6,-1.51,-1.41,-1.32,-1.21,-1.1,-0.99,-0.87,-0.74,-0.61,-0.48,-0.35,-0.22,-0.08,0.06,0.2,0.34,0.48,0.62,0.76,0.9,1.04,1.18,1.31,1.44,1.57,1.7,1.82,1.94,2.05,2.16,2.27,2.37,2.46,2.55,2.63,2.7,2.77,2.83,2.88,2.92,2.96,2.98,2.995,3,2.987,2.95,2.88,2.8,2.69,2.57,2.42,2.26,2.09,1.9,1.7,1.5,1.28,1.06,0.84,0.61,0.39,0.16,-0.06,-0.28,-0.5,-0.7,-0.9,-1.09,-1.26,-1.42,-1.57,-1.69,-1.8,-1.88,-1.95,-1.99,-2,-1.995,-1.979,-1.95,-1.92,-1.88,-1.83,-1.77,-1.7,-1.64,-1.56,-1.48,-1.4,-1.32,-1.23,-1.14,-1.06,-0.97,-0.88,-0.79,-0.71,-0.62,-0.54,-0.47,-0.39,-0.32,-0.26,-0.2,-0.15,-0.11,-0.07,-0.04,-0.02,-0.005,0
PARAM_BREAST=0,-0.02,-0.08,-0.15,-0.24,-0.33,-0.42,-0.5,-0.57,-0.63,-0.67,-0.68,-0.66,-0.59,-0.5,-0.38,-0.25,-0.11,0.03,0.16,0.29,0.4,0.49,0.57,0.61,0.63,0.619,0.59,0.54,0.49,0.42,0.34,0.25,0.17,0.08,-0.01,-0.1,-0.19,-0.27,-0.35,-0.42,-0.47,-0.52,-0.56,-0.58,-0.59,-0.58,-0.55,-0.51,-0.45,-0.39,-0.31,-0.23,-0.14,-0.06,0.03,0.12,0.19,0.27,0.33,0.39,0.44,0.47,0.49,0.5,0.491,0.46,0.42,0.37,0.31,0.24,0.17,0.09,0.01,-0.07,-0.15,-0.22,-0.3,-0.36,-0.43,-0.48,-0.52,-0.55,-0.573,-0.58,-0.574,-0.558,-0.53,-0.5,-0.45,-0.4,-0.35,-0.28,-0.22,-0.15,-0.08,-0.01,0.06,0.13,0.2,0.26,0.33,0.38,0.43,0.48,0.51,0.54,0.554,0.56,0.553,0.532,0.5,0.46,0.4,0.34,0.28,0.21,0.13,0.06,-0.02,-0.09,-0.17,-0.24,-0.3,-0.36,-0.41,-0.46,-0.49,-0.52,-0.534,-0.54,-0.535,-0.522,-0.502,-0.48,-0.45,-0.41,-0.37,-0.34,-0.3,-0.25,-0.22,-0.18,-0.14,-0.11,-0.08,-0.05,-0.03,-0.014,-0.004,0
PARAM_RIBBON=0,-0.02,-0.08,-0.16,-0.25,-0.35,-0.44,-0.53,-0.61,-0.67,-0.71,-0.72,-0.69,-0.63,-0.53,-0.4,-0.27,-0.13,0.02,0.16,0.29,0.41,0.51,0.58,0.63,0.65,0.639,0.61,0.56,0.5,0.43,0.34,0.26,0.16,0.07,-0.03,-0.12,-0.21,-0.3,-0.37,-0.45,-0.51,-0.56,-0.6,-0.62,-0.63,-0.62,-0.59,-0.55,-0.49,-0.42,-0.35,-0.26,-0.18,-0.09,0,0.09,0.17,0.24,0.31,0.37,0.42,0.45,0.47,0.48,0.471,0.45,0.41,0.36,0.3,0.23,0.16,0.09,0.01,-0.07,-0.14,-0.22,-0.29,-0.35,-0.41,-0.46,-0.5,-0.53,-0.553,-0.56,-0.554,-0.538,-0.51,-0.48,-0.43,-0.39,-0.33,-0.27,-0.21,-0.14,-0.07,0,0.07,0.14,0.21,0.27,0.33,0.39,0.43,0.48,0.51,0.54,0.554,0.56,0.553,0.53,0.5,0.45,0.4,0.34,0.27,0.2,0.13,0.05,-0.03,-0.1,-0.18,-0.25,-0.32,-0.38,-0.43,-0.47,-0.51,-0.54,-0.554,-0.56,-0.555,-0.541,-0.52,-0.49,-0.46,-0.43,-0.39,-0.35,-0.31,-0.26,-0.22,-0.18,-0.15,-0.11,-0.08,-0.05,-0.03,-0.014,-0.004,0
PARAM_HAIR_FRONT=0,0.011,0.04,0.08,0.14,0.2,0.27,0.33,0.39,0.44,0.49,0.52,0.54,0.55,0.545,0.53,0.51,0.47,0.44,0.39,0.34,0.28,0.22,0.16,0.09,0.02,-0.04,-0.12,-0.18,-0.25,-0.32,-0.38,-0.44,-0.5,-0.55,-0.6,-0.63,-0.67,-0.69,-0.705,-0.71,-0.704,-0.688,-0.66,-0.63,-0.58,-0.54,-0.48,-0.42,-0.36,-0.29,-0.22,-0.15,-0.07,0,0.07,0.15,0.22,0.29,0.35,0.42,0.48,0.53,0.58,0.62,0.66,0.69,0.71,0.725,0.73,0.723,0.705,0.67,0.63,0.59,0.53,0.46,0.4,0.32,0.24,0.17,0.09,0,-0.07,-0.15,-0.23,-0.29,-0.36,-0.42,-0.46,-0.5,-0.53,-0.553,-0.56,-0.555,-0.539,-0.52,-0.48,-0.45,-0.4,-0.35,-0.3,-0.24,-0.18,-0.12,-0.06,0,0.06,0.12,0.18,0.23,0.28,0.33,0.37,0.41,0.45,0.47,0.493,0.506,0.51,0.508,0.504,0.496,0.485,0.472,0.457,0.44,0.421,0.401,0.38,0.36,0.33,0.31,0.28,0.26,0.23,0.21,0.18,0.16,0.14,0.12,0.097,0.078,0.061,0.046,0.032,0.021,0.012,0.005,0.001,0
PARAM_HAIR_SIDE=0,0.006,0.022,0.05,0.08,0.12,0.16,0.21,0.26,0.31,0.36,0.41,0.45,0.5,0.53,0.57,0.59,0.613,0.626,0.63,0.625,0.609,0.58,0.55,0.51,0.46,0.4,0.34,0.28,0.21,0.14,0.06,-0.01,-0.09,-0.16,-0.24,-0.31,-0.38,-0.44,-0.5,-0.56,-0.61,-0.65,-0.68,-0.71,-0.725,-0.73,-0.724,-0.708,-0.68,-0.65,-0.6,-0.55,-0.5,-0.44,-0.37,-0.31,-0.24,-0.16,-0.09,-0.01,0.06,0.13,0.2,0.28,0.34,0.41,0.46,0.52,0.57,0.61,0.65,0.68,0.7,0.715,0.72,0.714,0.696,0.67,0.63,0.58,0.52,0.46,0.4,0.32,0.25,0.17,0.09,0.02,-0.06,-0.13,-0.21,-0.27,-0.33,-0.39,-0.44,-0.48,-0.51,-0.524,-0.53,-0.525,-0.511,-0.49,-0.46,-0.42,-0.38,-0.33,-0.28,-0.23,-0.18,-0.12,-0.06,0,0.05,0.11,0.16,0.22,0.27,0.31,0.35,0.39,0.42,0.45,0.464,0.476,0.48,0.478,0.471,0.459,0.445,0.426,0.41,0.38,0.36,0.33,0.3,0.27,0.24,0.21,0.19,0.16,0.13,0.11,0.08,0.06,0.045,0.029,0.017,0.008,0.002,0
PARAM_HAIR_BACK=0,0.004,0.015,0.032,0.06,0.08,0.11,0.15,0.19,0.23,0.26,0.31,0.34,0.38,0.42,0.45,0.48,0.51,0.54,0.554,0.568,0.577,0.58,0.575,0.56,0.54,0.5,0.46,0.42,0.36,0.31,0.25,0.18,0.11,0.04,-0.03,-0.1,-0.17,-0.24,-0.31,-0.38,-0.44,-0.49,-0.55,-0.59,-0.63,-0.67,-0.69,-0.705,-0.71,-0.704,-0.688,-0.66,-0.63,-0.59,-0.54,-0.48,-0.42,-0.36,-0.29,-0.22,-0.15,-0.08,0,0.07,0.14,0.21,0.28,0.35,0.41,0.47,0.52,0.57,0.61,0.65,0.68,0.7,0.715,0.72,0.714,0.695,0.67,0.63,0.58,0.52,0.46,0.39,0.32,0.25,0.17,0.09,0.01,-0.07,-0.14,-0.21,-0.28,-0.34,-0.4,-0.45,-0.49,-0.52,-0.534,-0.54,-0.535,-0.52,-0.5,-0.47,-0.43,-0.39,-0.34,-0.29,-0.24,-0.18,-0.12,-0.06,0,0.06,0.11,0.17,0.22,0.27,0.32,0.36,0.4,0.43,0.45,0.474,0.486,0.49,0.487,0.478,0.463,0.443,0.42,0.39,0.36,0.33,0.3,0.27,0.23,0.2,0.17,0.14,0.11,0.08,0.06,0.038,0.022,0.01,0.003,0
PARAM_SKIRT_R=0,0.012,0.04,0.09,0.15,0.22,0.29,0.36,0.43,0.48,0.53,0.57,0.59,0.6,0.595,0.579,0.55,0.52,0.48,0.43,0.38,0.32,0.25,0.19,0.11,0.04,-0.03,-0.11,-0.18,-0.25,-0.33,-0.39,-0.46,-0.52,-0.57,-0.62,-0.66,-0.69,-0.72,-0.735,-0.74,-0.735,-0.72,-0.7,-0.66,-0.62,-0.58,-0.53,-0.47,-0.41,-0.35,-0.29,-0.22,-0.15,-0.08,-0.02,0.05,0.12,0.18,0.24,0.3,0.36,0.41,0.45,0.49,0.53,0.55,0.57,0.586,0.59,0.584,0.567,0.54,0.5,0.46,0.41,0.35,0.29,0.22,0.15,0.08,0.01,-0.07,-0.14,-0.21,-0.28,-0.34,-0.4,-0.45,-0.49,-0.53,-0.56,-0.574,-0.58,-0.575,-0.561,-0.54,-0.51,-0.47,-0.43,-0.38,-0.33,-0.27,-0.21,-0.15,-0.08,-0.01,0.05,0.12,0.19,0.25,0.31,0.37,0.42,0.47,0.51,0.55,0.58,0.6,0.615,0.62,0.618,0.612,0.603,0.59,0.574,0.555,0.53,0.51,0.49,0.46,0.43,0.4,0.37,0.34,0.31,0.28,0.25,0.22,0.19,0.16,0.13,0.11,0.09,0.06,0.046,0.03,0.017,0.008,0.002,0
PARAM_SKIRT_L=0,0.005,0.02,0.04,0.07,0.1,0.14,0.18,0.22,0.27,0.31,0.35,0.4,0.44,0.47,0.51,0.53,0.56,0.575,0.586,0.59,0.585,0.569,0.54,0.51,0.47,0.42,0.37,0.31,0.25,0.18,0.12,0.04,-0.03,-0.1,-0.17,-0.25,-0.31,-0.38,-0.44,-0.5,-0.55,-0.6,-0.64,-0.67,-0.7,-0.715,-0.72,-0.715,-0.7,-0.68,-0.64,-0.61,-0.56,-0.51,-0.46,-0.4,-0.34,-0.27,-0.21,-0.14,-0.07,-0.01,0.06,0.12,0.19,0.25,0.31,0.36,0.41,0.45,0.49,0.53,0.55,0.573,0.586,0.59,0.584,0.567,0.54,0.5,0.46,0.41,0.35,0.29,0.22,0.15,0.08,0.01,-0.06,-0.13,-0.2,-0.27,-0.33,-0.39,-0.44,-0.48,-0.52,-0.55,-0.564,-0.57,-0.565,-0.551,-0.53,-0.5,-0.46,-0.42,-0.37,-0.32,-0.26,-0.2,-0.14,-0.08,-0.01,0.05,0.12,0.18,0.24,0.3,0.36,0.41,0.46,0.5,0.54,0.57,0.59,0.605,0.61,0.606,0.595,0.577,0.55,0.53,0.5,0.46,0.43,0.39,0.35,0.31,0.27,0.23,0.19,0.16,0.13,0.1,0.07,0.05,0.026,0.012,0.003,0
PARAM_FUR=0,0.008,0.03,0.06,0.1,0.15,0.19,0.24,0.28,0.32,0.36,0.38,0.395,0.4,0.397,0.388,0.375,0.356,0.33,0.31,0.28,0.24,0.21,0.17,0.13,0.09,0.05,0.01,-0.03,-0.07,-0.11,-0.15,-0.18,-0.22,-0.25,-0.27,-0.3,-0.315,-0.328,-0.337,-0.34,-0.337,-0.33,-0.317,-0.301,-0.281,-0.26,-0.23,-0.2,-0.17,-0.14,-0.11,-0.07,-0.04,0,0.03,0.06,0.1,0.13,0.16,0.19,0.22,0.25,0.27,0.289,0.307,0.321,0.331,0.338,0.34,0.336,0.325,0.307,0.28,0.26,0.22,0.18,0.14,0.1,0.05,0.01,-0.04,-0.09,-0.13,-0.18,-0.22,-0.26,-0.3,-0.34,-0.36,-0.39,-0.405,-0.416,-0.42,-0.417,-0.408,-0.394,-0.375,-0.35,-0.33,-0.29,-0.26,-0.23,-0.19,-0.15,-0.11,-0.07,-0.02,0.02,0.06,0.1,0.14,0.17,0.2,0.24,0.26,0.29,0.304,0.318,0.327,0.33,0.329,0.326,0.321,0.314,0.305,0.296,0.284,0.272,0.259,0.245,0.229,0.214,0.198,0.181,0.165,0.149,0.132,0.116,0.101,0.085,0.071,0.058,0.046,0.034,0.025,0.016,0.009,0.004,0.001,0
PARAM_FUR_R=0,0.005,0.017,0.037,0.06,0.09,0.12,0.16,0.19,0.23,0.26,0.29,0.31,0.33,0.347,0.357,0.36,0.357,0.349,0.337,0.319,0.3,0.27,0.25,0.22,0.18,0.15,0.11,0.08,0.04,0,-0.04,-0.07,-0.11,-0.14,-0.18,-0.21,-0.23,-0.26,-0.28,-0.297,-0.309,-0.317,-0.32,-0.317,-0.31,-0.298,-0.281,-0.262,-0.24,-0.21,-0.19,-0.16,-0.12,-0.09,-0.06,-0.02,0.01,0.04,0.08,0.11,0.14,0.18,0.2,0.23,0.26,0.28,0.3,0.317,0.331,0.342,0.348,0.35,0.346,0.335,0.317,0.29,0.26,0.23,0.19,0.15,0.11,0.06,0.01,-0.04,-0.08,-0.13,-0.18,-0.22,-0.26,-0.3,-0.33,-0.36,-0.39,-0.405,-0.416,-0.42,-0.417,-0.408,-0.393,-0.373,-0.35,-0.32,-0.29,-0.25,-0.22,-0.18,-0.13,-0.09,-0.05,0,0.04,0.08,0.13,0.17,0.2,0.24,0.27,0.3,0.32,0.343,0.358,0.367,0.37,0.369,0.364,0.357,0.348,0.337,0.323,0.308,0.292,0.274,0.255,0.236,0.216,0.195,0.17,0.154,0.134,0.115,0.096,0.078,0.062,0.047,0.033,0.022,0.013,0.006,0.001,0
PARAM_FUR_L=0,0.003,0.013,0.027,0.046,0.07,0.09,0.12,0.15,0.18,0.21,0.24,0.27,0.29,0.31,0.333,0.349,0.36,0.368,0.37,0.367,0.359,0.346,0.329,0.31,0.28,0.25,0.22,0.19,0.16,0.12,0.08,0.04,0.01,-0.03,-0.07,-0.11,-0.14,-0.17,-0.2,-0.23,-0.26,-0.28,-0.296,-0.309,-0.317,-0.32,-0.317,-0.309,-0.297,-0.28,-0.26,-0.24,-0.21,-0.18,-0.15,-0.12,-0.08,-0.05,-0.01,0.02,0.06,0.09,0.12,0.16,0.19,0.22,0.25,0.27,0.3,0.319,0.336,0.351,0.361,0.368,0.37,0.366,0.355,0.337,0.31,0.28,0.25,0.21,0.17,0.13,0.08,0.03,-0.02,-0.06,-0.11,-0.16,-0.2,-0.24,-0.28,-0.31,-0.34,-0.37,-0.385,-0.396,-0.4,-0.397,-0.388,-0.373,-0.354,-0.33,-0.3,-0.27,-0.24,-0.2,-0.16,-0.12,-0.07,-0.03,0.01,0.05,0.1,0.14,0.18,0.22,0.25,0.28,0.31,0.33,0.353,0.368,0.377,0.38,0.378,0.373,0.364,0.352,0.338,0.321,0.302,0.282,0.26,0.24,0.21,0.19,0.17,0.14,0.12,0.1,0.078,0.059,0.042,0.028,0.016,0.007,0.002,0
PARAM_ARM_R=0,0,0,0,0,0,0,0,0,0,0,0,0,-0.001,-0.001,-0.001,-0.002,-0.003,-0.004,-0.005,-0.006,-0.008,-0.009,-0.011,-0.013,-0.015,-0.018,-0.02,-0.023,-0.027,-0.03,-0.034,-0.04,-0.046,-0.053,-0.061,-0.07,-0.08,-0.09,-0.1,-0.111,-0.122,-0.133,-0.145,-0.156,-0.168,-0.179,-0.19,-0.2,-0.211,-0.221,-0.23,-0.239,-0.247,-0.254,-0.261,-0.266,-0.271,-0.275,-0.278,-0.279,-0.28,-0.279,-0.276,-0.27,-0.263,-0.254,-0.244,-0.232,-0.218,-0.204,-0.188,-0.171,-0.153,-0.135,-0.116,-0.097,-0.078,-0.058,-0.038,-0.017,0.002,0.022,0.041,0.06,0.078,0.095,0.112,0.127,0.142,0.155,0.167,0.178,0.188,0.195,0.202,0.206,0.209,0.21,0.21,0.209,0.208,0.206,0.204,0.202,0.199,0.196,0.193,0.189,0.185,0.181,0.176,0.171,0.166,0.161,0.156,0.15,0.145,0.139,0.133,0.127,0.121,0.115,0.109,0.103,0.097,0.091,0.085,0.079,0.073,0.067,0.062,0.056,0.051,0.046,0.041,0.036,0.031,0.027,0.023,0.019,0.016,0.013,0.01,0.007,0.005,0.003,0.002,0.001,0,0
PARAM_ELBOW_R=0,0.007,0.026,0.06,0.09,0.14,0.19,0.25,0.31,0.37,0.43,0.49,0.54,0.59,0.64,0.68,0.71,0.73,0.745,0.75,0.747,0.739,0.726,0.708,0.68,0.66,0.63,0.59,0.55,0.51,0.47,0.42,0.37,0.32,0.27,0.21,0.15,0.1,0.04,-0.02,-0.08,-0.14,-0.2,-0.26,-0.31,-0.37,-0.43,-0.48,-0.53,-0.58,-0.63,-0.67,-0.71,-0.75,-0.79,-0.82,-0.84,-0.87,-0.886,-0.899,-0.907,-0.91,-0.906,-0.894,-0.879,-0.861,-0.842,-0.824,-0.807,-0.792,-0.78,-0.773,-0.77,-0.776,-0.79,-0.81,-0.83,-0.86,-0.88,-0.9,-0.921,-0.937,-0.946,-0.95,-0.95,-0.95,-0.95,-0.95,-0.95,-0.95,-0.95,-0.95,-0.95,-0.949,-0.949,-0.948,-0.947,-0.946,-0.945,-0.944,-0.942,-0.94,-0.938,-0.935,-0.932,-0.929,-0.925,-0.921,-0.917,-0.912,-0.907,-0.901,-0.895,-0.889,-0.882,-0.874,-0.867,-0.858,-0.849,-0.84,-0.83,-0.817,-0.801,-0.781,-0.76,-0.73,-0.7,-0.67,-0.64,-0.6,-0.57,-0.53,-0.49,-0.45,-0.41,-0.37,-0.34,-0.3,-0.26,-0.23,-0.19,-0.16,-0.13,-0.1,-0.08,-0.05,-0.035,-0.02,-0.009,-0.002,0
PARAM_HAND_R=0,-0.004,-0.014,-0.031,-0.05,-0.08,-0.11,-0.14,-0.17,-0.21,-0.25,-0.29,-0.32,-0.36,-0.39,-0.43,-0.46,-0.49,-0.51,-0.54,-0.555,-0.569,-0.577,-0.58,-0.577,-0.569,-0.555,-0.537,-0.51,-0.49,-0.46,-0.43,-0.39,-0.36,-0.32,-0.28,-0.24,-0.2,-0.16,-0.12,-0.08,-0.05,-0.02,0.02,0.05,0.07,0.09,0.114,0.129,0.141,0.148,0.15,0.139,0.11,0.06,0,-0.08,-0.16,-0.24,-0.32,-0.4,-0.48,-0.55,-0.61,-0.66,-0.7,-0.72,-0.73,-0.721,-0.7,-0.67,-0.63,-0.59,-0.55,-0.52,-0.49,-0.46,-0.446,-0.44,-0.44,-0.442,-0.444,-0.448,-0.452,-0.458,-0.465,-0.473,-0.483,-0.494,-0.506,-0.52,-0.535,-0.549,-0.564,-0.577,-0.59,-0.603,-0.616,-0.628,-0.64,-0.651,-0.662,-0.673,-0.683,-0.692,-0.701,-0.71,-0.719,-0.727,-0.734,-0.742,-0.748,-0.755,-0.761,-0.766,-0.771,-0.776,-0.78,-0.784,-0.787,-0.79,-0.793,-0.795,-0.797,-0.798,-0.799,-0.8,-0.8,-0.795,-0.78,-0.76,-0.73,-0.69,-0.65,-0.61,-0.56,-0.51,-0.46,-0.41,-0.35,-0.3,-0.26,-0.21,-0.17,-0.13,-0.09,-0.06,-0.03,-0.016,-0.004,0
PARAM_ARM_L=0,0,0,-0.001,-0.002,-0.003,-0.004,-0.006,-0.007,-0.009,-0.011,-0.013,-0.016,-0.018,-0.021,-0.024,-0.026,-0.03,-0.033,-0.036,-0.039,-0.043,-0.047,-0.051,-0.054,-0.058,-0.062,-0.066,-0.07,-0.074,-0.079,-0.083,-0.087,-0.091,-0.096,-0.1,-0.104,-0.109,-0.113,-0.117,-0.122,-0.126,-0.13,-0.134,-0.138,-0.143,-0.147,-0.151,-0.154,-0.158,-0.162,-0.166,-0.169,-0.173,-0.176,-0.179,-0.182,-0.185,-0.188,-0.191,-0.193,-0.195,-0.198,-0.2,-0.202,-0.203,-0.205,-0.206,-0.207,-0.208,-0.209,-0.21,-0.21,-0.21,-0.21,-0.208,-0.206,-0.203,-0.199,-0.195,-0.189,-0.184,-0.177,-0.17,-0.162,-0.154,-0.145,-0.136,-0.126,-0.116,-0.106,-0.095,-0.084,-0.072,-0.061,-0.049,-0.037,-0.024,-0.012,0.001,0.013,0.026,0.039,0.051,0.064,0.076,0.089,0.101,0.113,0.125,0.137,0.149,0.16,0.171,0.182,0.192,0.202,0.212,0.221,0.23,0.238,0.246,0.253,0.26,0.266,0.271,0.276,0.28,0.284,0.286,0.288,0.29,0.29,0.287,0.28,0.268,0.253,0.235,0.21,0.19,0.17,0.15,0.12,0.1,0.08,0.05,0.037,0.022,0.01,0.003,0
PARAM_ELBOW_L=0
PARAM_HAND_L=0,0,0,0,0,0,0,0,0,0,0,0,-0.001,-0.003,-0.007,-0.013,-0.02,-0.028,-0.038,-0.049,-0.061,-0.074,-0.088,-0.103,-0.119,-0.136,-0.154,-0.173,-0.192,-0.212,-0.23,-0.25,-0.27,-0.3,-0.32,-0.34,-0.36,-0.39,-0.41,-0.43,-0.46,-0.48,-0.5,-0.53,-0.55,-0.57,-0.59,-0.62,-0.64,-0.66,-0.681,-0.7,-0.721,-0.74,-0.758,-0.776,-0.793,-0.809,-0.824,-0.838,-0.852,-0.864,-0.875,-0.885,-0.894,-0.902,-0.908,-0.913,-0.917,-0.919,-0.92,-0.917,-0.91,-0.897,-0.88,-0.86,-0.83,-0.81,-0.77,-0.74,-0.7,-0.66,-0.62,-0.57,-0.53,-0.48,-0.43,-0.38,-0.33,-0.27,-0.22,-0.17,-0.12,-0.06,-0.01,0.04,0.09,0.14,0.19,0.24,0.29,0.33,0.37,0.41,0.45,0.49,0.52,0.55,0.57,0.6,0.615,0.63,0.641,0.648,0.65,0.649,0.644,0.637,0.628,0.616,0.602,0.586,0.568,0.548,0.53,0.5,0.48,0.46,0.43,0.41,0.38,0.35,0.33,0.3,0.27,0.24,0.22,0.19,0.17,0.15,0.12,0.1,0.082,0.064,0.048,0.034,0.022,0.013,0.006,0.001,0
PARAM_FOOT_R=0
PARAM_FOOT_L=0,-0.002,-0.006,-0.013,-0.022,-0.034,-0.048,-0.063,-0.08,-0.098,-0.117,-0.137,-0.157,-0.18,-0.198,-0.22,-0.238,-0.258,-0.276,-0.294,-0.31,-0.326,-0.339,-0.351,-0.361,-0.369,-0.375,-0.379,-0.38,-0.38,-0.379,-0.378,-0.376,-0.373,-0.37,-0.367,-0.363,-0.358,-0.353,-0.348,-0.342,-0.335,-0.327,-0.32,-0.311,-0.302,-0.293,-0.283,-0.272,-0.261,-0.249,-0.237,-0.224,-0.211,-0.197,-0.182,-0.167,-0.152,-0.135,-0.118,-0.102,-0.087,-0.072,-0.059,-0.046,-0.034,-0.023,-0.012,-0.003,0.006,0.014,0.021,0.027,0.033,0.037,0.041,0.044,0.047,0.049,0.05,0.05,0.05,0.049,0.048,0.047,0.045,0.044,0.042,0.039,0.037,0.035,0.032,0.029,0.027,0.024,0.021,0.019,0.016,0.014,0.011,0.009,0.007,0.005,0.004,0.002,0.001,0.001,0,0,0,0,0,0,0,0,0,0,0,0,0,0,0,0,0,0,0,0,0,0,0,0,0,0,0,0,0,0,0,0,0,0,0,0,0,0,0,0,0,0,0,0
PARAM_BODY_2=0,0,-0.001,-0.003,-0.005,-0.007,-0.01,-0.014,-0.018,-0.023,-0.028,-0.033,-0.039,-0.045,-0.052,-0.059,-0.066,-0.073,-0.081,-0.089,-0.097,-0.106,-0.115,-0.124,-0.133,-0.142,-0.151,-0.161,-0.17,-0.18,-0.189,-0.199,-0.209,-0.218,-0.228,-0.237,-0.247,-0.256,-0.265,-0.275,-0.284,-0.293,-0.301,-0.31,-0.318,-0.326,-0.334,-0.341,-0.348,-0.355,-0.362,-0.368,-0.374,-0.379,-0.384,-0.389,-0.393,-0.397,-0.4,-0.403,-0.406,-0.408,-0.409,-0.41,-0.41,-0.408,-0.402,-0.393,-0.38,-0.364,-0.346,-0.32,-0.3,-0.28,-0.25,-0.22,-0.19,-0.16,-0.12,-0.09,-0.06,-0.02,0.01,0.04,0.08,0.11,0.14,0.17,0.2,0.22,0.24,0.27,0.284,0.3,0.313,0.322,0.328,0.33,0.33,0.329,0.327,0.324,0.321,0.318,0.313,0.309,0.303,0.298,0.291,0.285,0.278,0.271,0.263,0.255,0.247,0.239,0.23,0.221,0.212,0.203,0.194,0.185,0.175,0.166,0.157,0.148,0.138,0.129,0.12,0.111,0.103,0.094,0.086,0.078,0.07,0.062,0.055,0.048,0.042,0.036,0.03,0.024,0.02,0.015,0.011,0.008,0.005,0.003,0.001,0,0
PARAM_ELBOW_ORDER=0,0,0,0,0,0,0,0,0,0,0,0,0,0,0,0,0,0,0,0,0,0,0,0,0,0,0,0,0,0,0,0,0,0,0,0,0,0,0,0,0,0,0,0,0,0.24,0.64,0.91,1,1,1,1,1,1,1,1,1,1,1,1,1,1,1,1,1,1,1,1,1,1,1,1,1,1,1,1,1,1,1,1,1,1,1,1,1,1,1,1,1,1,1,1,1,1,1,1,1,1,1,1,1,1,1,1,1,1,1,1,1,1,1,1,1,1,1,1,1,1,1,1,1,1,1,1,1,1,1,1,0,0,0,0,0,0,0,0,0,0,0,0,0,0,0,0,0,0,0,0,0,0,0
PARAM_KBUTO=0
VISIBLE:PARTS_01_HAIR_BACK_001=1
VISIBLE:PARTS_01_BODY=1
VISIBLE:PARTS_01_FACE_001=1
VISIBLE:PARTS_01_MOUTH_001=1
VISIBLE:PARTS_01_HAIR_SIDE_001=1
VISIBLE:PARTS_01_HAIR_FRONT_001=1
VISIBLE:PARTS_01_EYE_BALL_001=1
VISIBLE:PARTS_01_EYE_001=1
VISIBLE:PARTS_01_BROW_001=1