# Live2D Animator Motion Data
$fps=30

$fadein=200

$fadeout=0

PARAM_ANGLE_X=0,-0.02,-0.09,-0.21,-0.36,-0.56,-0.79,-1.06,-1.37,-1.7,-2.07,-2.47,-2.9,-3.36,-3.84,-4.34,-4.86,-5.41,-5.97,-6.54,-7.13,-7.73,-8.34,-8.96,-9.59,-10.22,-10.86,-11.5,-12.14,-12.78,-13.41,-14.04,-14.66,-15.27,-15.87,-16.46,-17.03,-17.59,-18.14,-18.66,-19.16,-19.64,-20.1,-20.53,-20.93,-21.3,-21.63,-21.94,-22.21,-22.44,-22.64,-22.79,-22.91,-22.98,-23,-22.61,-21.5,-19.77,-17.56,-14.94,-12.07,-9.04,-5.96,-2.93,-0.06,2.56,4.77,6.5,7.61,8,7.95,7.8,7.57,7.24,6.83,6.35,5.78,5.16,4.46,3.71,2.89,2.04,1.12,0.18,-0.82,-1.83,-2.9,-3.96,-5.07,-6.17,-7.31,-8.43,-9.57,-10.69,-11.83,-12.93,-14.04,-15.1,-16.17,-17.18,-18.18,-19.12,-20.04,-20.89,-21.71,-22.46,-23.16,-23.78,-24.35,-24.83,-25.24,-25.57,-25.8,-25.95,-26,-25.94,-25.77,-25.49,-25.11,-24.64,-24.08,-23.44,-22.72,-21.94,-21.09,-20.2,-19.25,-18.27,-17.27,-16.23,-15.16,-14.08,-13,-11.92,-10.84,-9.77,-8.73,-7.73,-6.75,-5.8,-4.91,-4.06,-3.28,-2.56,-1.92,-1.36,-0.89,-0.51,-0.23,-0.06,0
PARAM_ANGLE_Y=0,-0.74,-2.59,-5.1,-8.04,-11.1,-14.11,-16.96,-19.36,-21.29,-22.54,-23,-21.27,-17.08,-11.5,-5.92,-1.73,0,-1.58,-5.41,-10.5,-15.59,-19.42,-21,-19.42,-15.59,-10.5,-5.41,-1.58,0,-1.65,-5.67,-11,-16.33,-20.35,-22,-21.92,-21.66,-21.25,-20.71,-20.01,-19.2,-18.25,-17.21,-16.04,-14.81,-13.46,-12.07,-10.58,-9.07,-7.47,-5.87,-4.2,-2.54,-0.84,0.84,2.54,4.2,5.87,7.47,9.07,10.58,12.07,13.46,14.81,16.04,17.21,18.25,19.2,20.01,20.71,21.25,21.66,21.92,22,18.59,11.23,2.04,-7.49,-16.2,-23.41,-28.21,-30,-29.24,-27.23,-24.14,-20.29,-15.86,-11.02,-5.86,-0.7,4.55,9.52,14.24,18.57,22.4,25.54,27.93,29.46,30,29.63,28.59,26.96,24.78,22.12,19.07,15.76,12.14,8.34,4.43,0.57,-3.34,-7.14,-10.76,-14.07,-17.12,-19.78,-21.96,-23.59,-24.63,-25,-24.92,-24.68,-24.3,-23.79,-23.14,-22.4,-21.55,-20.62,-19.61,-18.53,-17.38,-16.2,-14.98,-13.74,-12.5,-11.26,-10.02,-8.8,-7.62,-6.47,-5.39,-4.38,-3.45,-2.6,-1.86,-1.21,-0.7,-0.32,-0.08,0
PARAM_ANGLE_Z=0,-0.13,-0.48,-1.03,-1.74,-2.56,-3.47,-4.4,-5.35,-6.28,-7.16,-7.95,-8.65,-9.22,-9.64,-9.91,-10,-9.96,-9.84,-9.65,-9.4,-9.08,-8.68,-8.24,-7.73,-7.18,-6.59,-5.94,-5.24,-4.52,-3.76,-2.97,-2.15,-1.32,-0.46,0.42,1.31,2.22,3.12,4.02,4.93,5.84,6.74,7.63,8.52,9.37,10.22,11.04,11.84,12.61,13.35,14.05,14.73,15.35,15.94,16.49,17,17.51,18.01,18.47,18.92,19.34,19.75,20.13,20.49,20.83,21.16,21.46,21.75,22.03,22.28,22.52,22.75,22.96,23.15,23.34,23.51,23.67,23.81,23.95,24.07,24.19,24.29,24.39,24.47,24.55,24.62,24.68,24.74,24.78,24.83,24.86,24.89,24.92,24.94,24.957,24.97,24.981,24.988,24.994,24.997,24.999,25,25,24.76,24.1,23.02,21.58,19.86,17.81,15.52,13.09,10.45,7.67,4.89,2,-0.89,-3.67,-6.45,-9.09,-11.52,-13.81,-15.86,-17.58,-19.02,-20.1,-20.76,-21,-20.87,-20.48,-19.87,-19.1,-18.15,-17.09,-15.92,-14.67,-13.36,-12.03,-10.67,-9.32,-8,-6.7,-5.49,-4.35,-3.3,-2.37,-1.56,-0.9,-0.41,-0.11,0
PARAM_EYE_R_OPEN=1,0.93,0.79,0.62,0.43,0.27,0.13,0.03,0,0,0,0,0,0,0,0,0,0,0,0,0,0,0,0,0,0,0,0,0,0,0,0,0,0,0,0,0,0,0,0,0,0,0,0,0,0,0,0,0,0,0,0,0,0,0,0,0,0,0,0.18,0.46,0.73,0.92,1,1,0.999,0.998,0.996,0.994,0.991,0.987,0.983,0.978,0.972,0.965,0.957,0.948,0.938,0.927,0.915,0.902,0.887,0.872,0.854,0.836,0.816,0.79,0.77,0.75,0.72,0.69,0.66,0.63,0.6,0.56,0.5,0.45,0.38,0.32,0.25,0.19,0.14,0.09,0.05,0.02,0.006,0,0,0,0,0,0,0,0,0,0,0,0,0,0,0,0,0,0,0,0,0,0,0,0,0,0,0,0,0,0,0,0,0.02,0.07,0.15,0.25,0.37,0.49,0.6,0.71,0.81,0.89,0.95,0.99,1
PARAM_EYE_R_SMILE=0,0,0,0,0,0,0,0,0,0,0,0,0,0,0,0,0,0,0,0,0,0,0,0,0,0,0,0,0,0,0,0,0,0,0,0,0,0,0,0,0,0,0,0,0,0,0,0,0,0,0,0,0,0,0,0,0,0,0,0.001,0.005,0.011,0.02,0.03,0.043,0.058,0.074,0.092,0.112,0.13,0.16,0.18,0.21,0.23,0.26,0.29,0.32,0.35,0.38,0.41,0.44,0.47,0.5,0.53,0.56,0.59,0.62,0.65,0.68,0.71,0.74,0.77,0.79,0.82,0.84,0.87,0.89,0.908,0.926,0.942,0.957,0.97,0.98,0.989,0.995,0.999,1,1,1,1,1,1,1,1,1,1,1,1,1,1,1,1,1,1,1,1,1,1,1,1,1,1,1,1,1,1,1,1,0.98,0.93,0.85,0.75,0.63,0.51,0.4,0.29,0.19,0.11,0.05,0.01,0
PARAM_EYE_L_OPEN=1,0.93,0.79,0.62,0.43,0.27,0.13,0.03,0,0,0,0,0,0,0,0,0,0,0,0,0,0,0,0,0,0,0,0,0,0,0,0,0,0,0,0,0,0,0,0,0,0,0,0,0,0,0,0,0,0,0,0,0,0,0,0,0,0,0,0.18,0.46,0.73,0.92,1,1,0.999,0.998,0.996,0.994,0.991,0.987,0.983,0.978,0.972,0.965,0.957,0.948,0.938,0.927,0.915,0.902,0.887,0.872,0.854,0.836,0.816,0.79,0.77,0.75,0.72,0.69,0.66,0.63,0.6,0.56,0.5,0.45,0.38,0.32,0.25,0.19,0.14,0.09,0.05,0.02,0.006,0,0,0,0,0,0,0,0,0,0,0,0,0,0,0,0,0,0,0,0,0,0,0,0,0,0,0,0,0,0,0,0,0.02,0.07,0.15,0.25,0.37,0.49,0.6,0.71,0.81,0.89,0.95,0.99,1
PARAM_EYE_L_SMILE=0,0,0,0,0,0,0,0,0,0,0,0,0,0,0,0,0,0,0,0,0,0,0,0,0,0,0,0,0,0,0,0,0,0,0,0,0,0,0,0,0,0,0,0,0,0,0,0,0,0,0,0,0,0,0,0,0,0,0,0.001,0.005,0.011,0.02,0.03,0.043,0.058,0.074,0.092,0.112,0.13,0.16,0.18,0.21,0.23,0.26,0.29,0.32,0.35,0.38,0.41,0.44,0.47,0.5,0.53,0.56,0.59,0.62,0.65,0.68,0.71,0.74,0.77,0.79,0.82,0.84,0.87,0.89,0.908,0.926,0.942,0.957,0.97,0.98,0.989,0.995,0.999,1,1,1,1,1,1,1,1,1,1,1,1,1,1,1,1,1,1,1,1,1,1,1,1,1,1,1,1,1,1,1,1,0.98,0.93,0.85,0.75,0.63,0.51,0.4,0.29,0.19,0.11,0.05,0.01,0
PARAM_EYE_BALL_X=0,0,0,-0.001,-0.001,-0.002,-0.003,-0.004,-0.005,-0.006,-0.007,-0.009,-0.01,-0.012,-0.014,-0.016,-0.018,-0.02,-0.022,-0.024,-0.026,-0.029,-0.031,-0.033,-0.036,-0.038,-0.041,-0.043,-0.046,-0.048,-0.051,-0.054,-0.056,-0.059,-0.062,-0.064,-0.067,-0.069,-0.072,-0.074,-0.077,-0.079,-0.081,-0.084,-0.086,-0.088,-0.09,-0.092,-0.094,-0.096,-0.098,-0.1,-0.101,-0.103,-0.104,-0.105,-0.106,-0.107,-0.108,-0.109,-0.109,-0.11,-0.11,-0.11,-0.105,-0.091,-0.07,-0.04,0,0.04,0.08,0.13,0.19,0.24,0.3,0.36,0.42,0.47,0.53,0.58,0.63,0.67,0.71,0.75,0.78,0.81,0.825,0.836,0.84,0.839,0.837,0.834,0.829,0.824,0.817,0.809,0.8,0.79,0.779,0.767,0.754,0.741,0.726,0.712,0.696,0.68,0.663,0.645,0.627,0.609,0.591,0.572,0.552,0.533,0.513,0.493,0.473,0.45,0.433,0.412,0.392,0.372,0.35,0.332,0.312,0.293,0.274,0.255,0.237,0.219,0.201,0.184,0.167,0.151,0.135,0.12,0.106,0.093,0.08,0.068,0.057,0.047,0.037,0.029,0.021,0.015,0.01,0.006,0.002,0.001,0
PARAM_EYE_BALL_Y=0,0,0,0,0,0,0,0,0,0,0,0,0,0,0,0,0,0,0,0,0,0,0,0,0,0,0,0,0,0,0,0,0,0,0,0,0,0,0,0,0,0,0,0,0,0,0,0,0,0,0,0,0,0,0,0,0,0,0,0,0,0,0,0,-0.005,-0.02,-0.04,-0.07,-0.11,-0.16,-0.2,-0.26,-0.31,-0.37,-0.43,-0.49,-0.55,-0.61,-0.67,-0.73,-0.78,-0.82,-0.87,-0.91,-0.94,-0.96,-0.984,-0.996,-1,-0.999,-0.997,-0.993,-0.987,-0.98,-0.972,-0.963,-0.952,-0.94,-0.927,-0.913,-0.898,-0.882,-0.865,-0.847,-0.828,-0.809,-0.789,-0.77,-0.75,-0.73,-0.7,-0.68,-0.66,-0.63,-0.61,-0.59,-0.56,-0.54,-0.52,-0.49,-0.47,-0.44,-0.42,-0.4,-0.37,-0.35,-0.33,-0.3,-0.28,-0.26,-0.24,-0.219,-0.199,-0.179,-0.161,-0.143,-0.126,-0.11,-0.095,-0.081,-0.068,-0.055,-0.044,-0.034,-0.025,-0.018,-0.012,-0.007,-0.003,-0.001,0
PARAM_BROW_R_Y=0,-0.001,-0.004,-0.009,-0.015,-0.023,-0.033,-0.044,-0.057,-0.07,-0.085,-0.1,-0.117,-0.134,-0.152,-0.171,-0.19,-0.209,-0.228,-0.248,-0.267,-0.287,-0.306,-0.325,-0.344,-0.362,-0.38,-0.397,-0.414,-0.429,-0.444,-0.457,-0.469,-0.481,-0.491,-0.499,-0.507,-0.512,-0.517,-0.519,-0.52,-0.515,-0.501,-0.48,-0.45,-0.41,-0.36,-0.31,-0.25,-0.19,-0.13,-0.06,0.01,0.09,0.16,0.24,0.32,0.39,0.47,0.54,0.61,0.67,0.73,0.79,0.84,0.89,0.93,0.96,0.98,0.995,1,0.999,0.996,0.99,0.983,0.974,0.963,0.95,0.935,0.919,0.901,0.881,0.86,0.84,0.81,0.79,0.76,0.73,0.71,0.68,0.65,0.61,0.58,0.55,0.52,0.48,0.45,0.41,0.38,0.34,0.3,0.27,0.23,0.2,0.16,0.12,0.09,0.05,0.01,-0.02,-0.06,-0.09,-0.13,-0.16,-0.19,-0.22,-0.26,-0.29,-0.32,-0.34,-0.37,-0.4,-0.42,-0.45,-0.47,-0.49,-0.511,-0.529,-0.545,-0.56,-0.573,-0.584,-0.593,-0.6,-0.606,-0.609,-0.61,-0.598,-0.57,-0.52,-0.47,-0.41,-0.35,-0.28,-0.22,-0.16,-0.11,-0.06,-0.03,-0.01,0
PARAM_BROW_R_ANGLE=0,0,0,0,0,0,0,0,0,0,0,0,0,0,0,0,0,0,0,0,0,0,0,0,0,0,0,0,0,0,0,0,0,0,0,0,0,0,0,0,0,0,0,0,0,0,0,0,0,0,0,0,0,0,0,0,0,0,0,0,0,0,0,0,0,0,0,0,0,0,0,-0.001,-0.002,-0.005,-0.009,-0.013,-0.019,-0.025,-0.033,-0.041,-0.05,-0.059,-0.07,-0.081,-0.092,-0.105,-0.117,-0.131,-0.145,-0.159,-0.174,-0.189,-0.204,-0.22,-0.236,-0.252,-0.268,-0.285,-0.302,-0.318,-0.335,-0.352,-0.368,-0.385,-0.402,-0.418,-0.434,-0.45,-0.466,-0.481,-0.496,-0.511,-0.525,-0.539,-0.553,-0.565,-0.578,-0.589,-0.6,-0.611,-0.62,-0.629,-0.637,-0.645,-0.651,-0.657,-0.661,-0.665,-0.668,-0.669,-0.67,-0.664,-0.648,-0.62,-0.59,-0.55,-0.51,-0.46,-0.42,-0.37,-0.32,-0.27,-0.22,-0.18,-0.13,-0.1,-0.06,-0.04,-0.017,-0.004,0
PARAM_BROW_L_Y=0,-0.001,-0.004,-0.009,-0.015,-0.023,-0.032,-0.043,-0.056,-0.069,-0.083,-0.098,-0.115,-0.132,-0.149,-0.167,-0.186,-0.204,-0.224,-0.243,-0.262,-0.281,-0.3,-0.319,-0.337,-0.355,-0.373,-0.389,-0.406,-0.421,-0.435,-0.448,-0.46,-0.471,-0.481,-0.49,-0.497,-0.502,-0.507,-0.509,-0.51,-0.505,-0.491,-0.47,-0.44,-0.4,-0.35,-0.3,-0.25,-0.18,-0.12,-0.05,0.02,0.1,0.17,0.25,0.32,0.39,0.47,0.54,0.61,0.67,0.74,0.79,0.84,0.89,0.93,0.96,0.98,0.995,1,0.999,0.996,0.991,0.984,0.975,0.964,0.952,0.938,0.923,0.905,0.887,0.867,0.85,0.82,0.8,0.77,0.75,0.72,0.69,0.66,0.63,0.6,0.57,0.54,0.51,0.47,0.44,0.41,0.37,0.34,0.3,0.27,0.24,0.2,0.17,0.13,0.1,0.06,0.03,0,-0.04,-0.07,-0.1,-0.13,-0.16,-0.19,-0.22,-0.25,-0.28,-0.3,-0.33,-0.35,-0.38,-0.4,-0.417,-0.435,-0.453,-0.468,-0.482,-0.494,-0.505,-0.514,-0.521,-0.526,-0.529,-0.53,-0.52,-0.49,-0.46,-0.41,-0.35,-0.3,-0.24,-0.19,-0.14,-0.09,-0.06,-0.03,-0.007,0
PARAM_BROW_L_ANGLE=0,0,0,0,0,0,0,0,0,0,0,0,0,0,0,0,0,0,0,0,0,0,0,0,0,0,0,0,0,0,0,0,0,0,0,0,0,0,0,0,0,0,0,0,0,0,0,0,0,0,0,0,0,0,0,0,0,0,0,0,0,0,0,0,0,0,0,0,0,0,0,0,-0.002,-0.003,-0.006,-0.009,-0.013,-0.017,-0.023,-0.028,-0.035,-0.042,-0.049,-0.057,-0.065,-0.074,-0.083,-0.093,-0.103,-0.114,-0.125,-0.136,-0.147,-0.159,-0.171,-0.183,-0.196,-0.209,-0.222,-0.235,-0.248,-0.262,-0.275,-0.289,-0.302,-0.316,-0.33,-0.344,-0.358,-0.371,-0.385,-0.398,-0.412,-0.425,-0.438,-0.451,-0.464,-0.477,-0.489,-0.501,-0.513,-0.524,-0.535,-0.546,-0.557,-0.567,-0.577,-0.586,-0.595,-0.603,-0.611,-0.618,-0.625,-0.632,-0.637,-0.643,-0.647,-0.651,-0.654,-0.657,-0.658,-0.66,-0.66,-0.62,-0.52,-0.41,-0.29,-0.18,-0.08,-0.02,0
PARAM_MOUTH_FORM=0,0.03,0.12,0.25,0.4,0.56,0.7,0.83,0.92,0.98,1,1,1,1,1,1,1,1,1,1,1,1,1,1,1,1,1,1,1,1,1,1,1,1,1,1,1,1,1,1,1,1,1,1,1,1,1,1,1,1,1,1,1,1,1,1,1,1,1,1,1,1,1,1,1,1,1,1,1,1,1,1,1,1,1,1,1,1,1,1,1,1,1,1,1,1,1,1,1,1,1,1,1,1,1,1,1,1,1,1,1,1,1,1,1,1,1,1,1,1,1,1,1,1,1,1,1,1,1,1,1,1,1,1,1,1,1,1,1,1,1,1,1,1,1,1,1,1,1,1,1,1,1,0.93,0.79,0.62,0.43,0.27,0.13,0.03,0
PARAM_MOUTH_OPEN_Y=0,0.002,0.007,0.015,0.024,0.037,0.05,0.065,0.081,0.098,0.115,0.133,0.15,0.167,0.184,0.199,0.214,0.228,0.24,0.25,0.258,0.265,0.269,0.27,0.265,0.251,0.232,0.21,0.18,0.15,0.12,0.1,0.07,0.05,0.028,0.013,0.003,0,0,0,0,0,0,0,0,0,0,0,0,0,0,0,0,0,0,0,0,0,0,0,0,0,0,0,0,0,0,0,0,0,0,0,0,0,0,0,0,0,0,0,0,0,0,0,0,0,0,0,0,0,0,0,0,0,0,0,0,0,0,0,0,0,0,0,0.005,0.018,0.04,0.07,0.1,0.14,0.18,0.23,0.28,0.32,0.37,0.42,0.47,0.51,0.56,0.59,0.63,0.66,0.68,0.696,0.706,0.71,0.71,0.71,0.709,0.709,0.708,0.707,0.705,0.703,0.701,0.698,0.695,0.691,0.686,0.68,0.674,0.668,0.66,0.61,0.51,0.4,0.28,0.17,0.08,0.02,0
PARAM_BODY_ANGLE_X=0,-0.013,-0.05,-0.11,-0.2,-0.3,-0.43,-0.58,-0.74,-0.92,-1.12,-1.33,-1.56,-1.8,-2.05,-2.31,-2.58,-2.86,-3.15,-3.44,-3.74,-4.04,-4.35,-4.66,-4.96,-5.27,-5.58,-5.88,-6.18,-6.47,-6.77,-7.05,-7.33,-7.6,-7.85,-8.1,-8.34,-8.57,-8.78,-8.98,-9.16,-9.33,-9.48,-9.61,-9.73,-9.82,-9.9,-9.95,-9.99,-10,-9.93,-9.72,-9.38,-8.93,-8.37,-7.73,-7,-6.19,-5.34,-4.43,-3.48,-2.5,-1.5,-0.5,0.5,1.48,2.43,3.34,4.19,5,5.73,6.37,6.93,7.38,7.72,7.93,8,7.98,7.92,7.83,7.69,7.53,7.33,7.11,6.86,6.58,6.28,5.96,5.62,5.26,4.89,4.5,4.1,3.69,3.27,2.86,2.43,2,1.57,1.14,0.73,0.31,-0.1,-0.5,-0.89,-1.26,-1.62,-1.96,-2.28,-2.58,-2.86,-3.11,-3.33,-3.53,-3.69,-3.83,-3.92,-3.98,-4,-3.987,-3.95,-3.89,-3.81,-3.71,-3.6,-3.47,-3.33,-3.18,-3.01,-2.84,-2.67,-2.49,-2.3,-2.12,-1.93,-1.75,-1.56,-1.38,-1.21,-1.04,-0.88,-0.73,-0.59,-0.46,-0.35,-0.25,-0.16,-0.09,-0.04,-0.01,0
PARAM_BODY_ANGLE_Y=0,-0.17,-0.62,-1.27,-2.02,-2.79,-3.51,-4.13,-4.6,-4.9,-5,-4.78,-4.24,-3.59,-2.95,-2.44,-2.11,-2,-2.15,-2.52,-3,-3.48,-3.85,-4,-3.85,-3.48,-3,-2.52,-2.15,-2,-2.29,-3.01,-3.88,-4.73,-5.42,-5.85,-6,-5.92,-5.69,-5.33,-4.86,-4.29,-3.62,-2.89,-2.1,-1.26,-0.38,0.51,1.43,2.35,3.25,4.13,5,5.82,6.6,7.32,7.97,8.55,9.05,9.45,9.75,9.94,10,9.92,9.69,9.34,8.86,8.28,7.61,6.89,6.1,5.27,4.42,3.58,2.73,1.9,1.11,0.39,-0.28,-0.86,-1.34,-1.69,-1.92,-2,-1.91,-1.67,-1.3,-0.81,-0.25,0.4,1.08,1.79,2.53,3.28,4,4.71,5.39,6,6.57,7.05,7.45,7.74,7.93,8,7.94,7.77,7.48,7.11,6.66,6.14,5.54,4.91,4.24,3.53,2.82,2.09,1.37,0.66,-0.04,-0.71,-1.32,-1.9,-2.42,-2.88,-3.27,-3.58,-3.81,-3.95,-4,-3.97,-3.9,-3.78,-3.62,-3.43,-3.21,-2.97,-2.72,-2.45,-2.17,-1.89,-1.63,-1.36,-1.11,-0.87,-0.66,-0.47,-0.31,-0.18,-0.08,-0.02,0
PARAM_BODY_ANGLE_Z=0,-0.008,-0.03,-0.07,-0.12,-0.19,-0.26,-0.35,-0.44,-0.55,-0.66,-0.78,-0.9,-1.03,-1.16,-1.3,-1.43,-1.57,-1.7,-1.84,-1.97,-2.1,-2.22,-2.34,-2.45,-2.56,-2.65,-2.74,-2.81,-2.88,-2.93,-2.97,-2.99,-3,-2.992,-2.97,-2.93,-2.88,-2.82,-2.75,-2.66,-2.56,-2.46,-2.34,-2.22,-2.09,-1.95,-1.8,-1.65,-1.49,-1.33,-1.16,-0.99,-0.82,-0.65,-0.47,-0.29,-0.11,0.07,0.25,0.42,0.6,0.77,0.95,1.11,1.28,1.44,1.59,1.75,1.89,2.03,2.16,2.28,2.4,2.5,2.6,2.69,2.77,2.84,2.89,2.94,2.97,2.993,3,2.987,2.95,2.88,2.8,2.7,2.58,2.44,2.29,2.12,1.95,1.76,1.57,1.37,1.16,0.95,0.74,0.53,0.31,0.1,-0.1,-0.31,-0.51,-0.7,-0.88,-1.05,-1.22,-1.37,-1.5,-1.63,-1.74,-1.83,-1.9,-1.96,-1.99,-2,-1.994,-1.975,-1.94,-1.9,-1.86,-1.8,-1.73,-1.66,-1.59,-1.51,-1.42,-1.33,-1.24,-1.15,-1.06,-0.96,-0.87,-0.78,-0.69,-0.61,-0.52,-0.44,-0.37,-0.3,-0.23,-0.17,-0.12,-0.08,-0.05,-0.02,-0.005,0
PARAM_BREAST=0,-0.02,-0.08,-0.15,-0.24,-0.33,-0.42,-0.51,-0.58,-0.64,-0.68,-0.69,-0.65,-0.53,-0.37,-0.19,0.01,0.19,0.34,0.46,0.53,0.56,0.54,0.47,0.37,0.24,0.09,-0.06,-0.21,-0.36,-0.49,-0.59,-0.66,-0.68,-0.663,-0.62,-0.54,-0.45,-0.34,-0.22,-0.09,0.04,0.16,0.28,0.39,0.48,0.56,0.61,0.65,0.66,0.651,0.63,0.59,0.53,0.47,0.39,0.31,0.22,0.13,0.03,-0.06,-0.16,-0.25,-0.34,-0.42,-0.5,-0.56,-0.62,-0.66,-0.68,-0.69,-0.681,-0.66,-0.62,-0.56,-0.5,-0.42,-0.34,-0.25,-0.16,-0.07,0.03,0.12,0.21,0.3,0.38,0.46,0.52,0.58,0.62,0.64,0.65,0.642,0.62,0.58,0.54,0.48,0.42,0.35,0.27,0.2,0.12,0.04,-0.05,-0.12,-0.2,-0.27,-0.34,-0.4,-0.46,-0.51,-0.55,-0.58,-0.594,-0.6,-0.589,-0.56,-0.51,-0.46,-0.39,-0.31,-0.22,-0.14,-0.05,0.04,0.13,0.22,0.3,0.38,0.45,0.5,0.55,0.59,0.61,0.62,0.612,0.59,0.56,0.51,0.46,0.4,0.35,0.29,0.23,0.18,0.13,0.08,0.05,0.02,0.006,0
PARAM_RIBBON=0,-0.02,-0.08,-0.15,-0.24,-0.33,-0.42,-0.51,-0.58,-0.64,-0.68,-0.69,-0.65,-0.53,-0.37,-0.19,0.01,0.19,0.34,0.46,0.53,0.56,0.54,0.47,0.37,0.24,0.1,-0.06,-0.21,-0.35,-0.48,-0.58,-0.65,-0.67,-0.653,-0.6,-0.53,-0.43,-0.32,-0.2,-0.08,0.05,0.18,0.3,0.4,0.5,0.58,0.63,0.67,0.68,0.671,0.64,0.6,0.55,0.48,0.4,0.32,0.23,0.13,0.03,-0.06,-0.16,-0.26,-0.35,-0.43,-0.51,-0.58,-0.63,-0.67,-0.7,-0.71,-0.701,-0.68,-0.63,-0.58,-0.52,-0.44,-0.36,-0.27,-0.17,-0.08,0.02,0.11,0.21,0.3,0.38,0.46,0.52,0.57,0.62,0.64,0.65,0.642,0.62,0.58,0.54,0.48,0.42,0.35,0.28,0.2,0.12,0.04,-0.04,-0.12,-0.19,-0.27,-0.33,-0.39,-0.45,-0.5,-0.54,-0.57,-0.584,-0.59,-0.579,-0.55,-0.5,-0.44,-0.37,-0.3,-0.21,-0.12,-0.03,0.06,0.15,0.24,0.32,0.39,0.46,0.52,0.57,0.61,0.63,0.64,0.632,0.61,0.57,0.53,0.48,0.42,0.36,0.3,0.24,0.18,0.13,0.09,0.05,0.02,0.006,0
PARAM_HAIR_FRONT=0,-0.007,-0.026,-0.06,-0.09,-0.14,-0.19,-0.24,-0.29,-0.34,-0.39,-0.43,-0.47,-0.5,-0.52,-0.535,-0.54,-0.534,-0.517,-0.49,-0.45,-0.41,-0.36,-0.31,-0.25,-0.19,-0.12,-0.06,0.01,0.08,0.15,0.21,0.28,0.34,0.4,0.45,0.5,0.54,0.58,0.61,0.63,0.645,0.65,0.645,0.629,0.6,0.57,0.53,0.48,0.43,0.37,0.31,0.24,0.18,0.1,0.03,-0.04,-0.11,-0.19,-0.25,-0.32,-0.38,-0.44,-0.49,-0.54,-0.58,-0.61,-0.64,-0.655,-0.66,-0.655,-0.639,-0.61,-0.58,-0.54,-0.49,-0.44,-0.38,-0.31,-0.25,-0.17,-0.1,-0.03,0.04,0.11,0.19,0.26,0.32,0.38,0.44,0.5,0.54,0.59,0.62,0.65,0.67,0.686,0.69,0.684,0.669,0.64,0.61,0.57,0.52,0.47,0.41,0.35,0.29,0.22,0.15,0.08,0.01,-0.06,-0.13,-0.19,-0.26,-0.32,-0.38,-0.44,-0.49,-0.54,-0.58,-0.61,-0.64,-0.66,-0.676,-0.68,-0.677,-0.667,-0.651,-0.63,-0.6,-0.57,-0.54,-0.5,-0.46,-0.42,-0.38,-0.34,-0.3,-0.26,-0.22,-0.18,-0.14,-0.11,-0.08,-0.05,-0.03,-0.013,-0.003,0
PARAM_HAIR_SIDE=0,-0.005,-0.018,-0.038,-0.06,-0.1,-0.13,-0.17,-0.21,-0.25,-0.29,-0.33,-0.37,-0.4,-0.43,-0.46,-0.48,-0.497,-0.507,-0.51,-0.504,-0.487,-0.46,-0.43,-0.38,-0.33,-0.28,-0.22,-0.16,-0.1,-0.03,0.04,0.11,0.17,0.24,0.3,0.36,0.42,0.47,0.52,0.56,0.6,0.63,0.65,0.665,0.67,0.665,0.649,0.62,0.59,0.55,0.5,0.45,0.39,0.33,0.26,0.19,0.12,0.05,-0.03,-0.1,-0.17,-0.24,-0.31,-0.37,-0.43,-0.48,-0.53,-0.57,-0.6,-0.63,-0.645,-0.65,-0.645,-0.629,-0.6,-0.57,-0.53,-0.48,-0.43,-0.37,-0.31,-0.24,-0.17,-0.1,-0.03,0.04,0.11,0.18,0.25,0.32,0.38,0.44,0.49,0.54,0.58,0.61,0.64,0.66,0.676,0.68,0.675,0.659,0.64,0.6,0.56,0.52,0.47,0.41,0.35,0.29,0.22,0.16,0.09,0.02,-0.05,-0.12,-0.18,-0.25,-0.31,-0.37,-0.42,-0.47,-0.52,-0.56,-0.59,-0.62,-0.64,-0.656,-0.66,-0.656,-0.643,-0.624,-0.6,-0.57,-0.53,-0.49,-0.45,-0.4,-0.35,-0.31,-0.26,-0.21,-0.17,-0.13,-0.09,-0.06,-0.04,-0.017,-0.004,0
PARAM_HAIR_BACK=0,-0.003,-0.012,-0.027,-0.047,-0.07,-0.1,-0.13,-0.16,-0.19,-0.22,-0.26,-0.29,-0.32,-0.35,-0.38,-0.41,-0.43,-0.452,-0.468,-0.48,-0.487,-0.49,-0.484,-0.468,-0.44,-0.41,-0.37,-0.32,-0.26,-0.21,-0.15,-0.08,-0.02,0.05,0.12,0.18,0.24,0.31,0.37,0.42,0.48,0.52,0.57,0.6,0.63,0.65,0.665,0.67,0.665,0.649,0.62,0.59,0.55,0.5,0.45,0.39,0.33,0.26,0.19,0.12,0.05,-0.03,-0.1,-0.17,-0.24,-0.31,-0.37,-0.43,-0.48,-0.53,-0.57,-0.6,-0.63,-0.645,-0.65,-0.645,-0.629,-0.6,-0.57,-0.53,-0.48,-0.42,-0.36,-0.3,-0.23,-0.16,-0.09,-0.02,0.06,0.13,0.2,0.27,0.34,0.4,0.46,0.52,0.56,0.61,0.64,0.67,0.69,0.706,0.71,0.705,0.689,0.67,0.63,0.59,0.55,0.5,0.44,0.38,0.32,0.25,0.19,0.12,0.05,-0.02,-0.09,-0.15,-0.22,-0.28,-0.34,-0.39,-0.44,-0.49,-0.53,-0.56,-0.59,-0.61,-0.626,-0.63,-0.624,-0.608,-0.58,-0.55,-0.51,-0.47,-0.42,-0.37,-0.32,-0.26,-0.21,-0.16,-0.12,-0.08,-0.05,-0.02,-0.006,0
PARAM_SKIRT_R=0,-0.007,-0.026,-0.06,-0.09,-0.14,-0.19,-0.24,-0.29,-0.34,-0.39,-0.43,-0.47,-0.5,-0.52,-0.535,-0.54,-0.534,-0.516,-0.49,-0.45,-0.41,-0.36,-0.3,-0.24,-0.18,-0.11,-0.04,0.03,0.1,0.17,0.23,0.3,0.36,0.42,0.48,0.53,0.57,0.61,0.64,0.66,0.675,0.68,0.675,0.659,0.63,0.6,0.56,0.51,0.46,0.4,0.34,0.27,0.21,0.13,0.06,-0.01,-0.08,-0.16,-0.22,-0.29,-0.35,-0.41,-0.46,-0.51,-0.55,-0.58,-0.61,-0.625,-0.63,-0.625,-0.609,-0.58,-0.55,-0.51,-0.46,-0.4,-0.34,-0.28,-0.21,-0.14,-0.07,0,0.08,0.15,0.22,0.29,0.36,0.42,0.48,0.54,0.58,0.63,0.66,0.69,0.71,0.726,0.73,0.725,0.709,0.68,0.65,0.61,0.57,0.51,0.46,0.4,0.33,0.27,0.2,0.13,0.06,-0.01,-0.08,-0.15,-0.21,-0.28,-0.33,-0.39,-0.44,-0.49,-0.53,-0.56,-0.59,-0.61,-0.626,-0.63,-0.627,-0.618,-0.603,-0.583,-0.56,-0.53,-0.5,-0.47,-0.43,-0.39,-0.35,-0.32,-0.28,-0.24,-0.2,-0.16,-0.13,-0.1,-0.07,-0.05,-0.027,-0.012,-0.003,0
PARAM_SKIRT_L=0,-0.003,-0.013,-0.029,-0.05,-0.07,-0.1,-0.13,-0.17,-0.2,-0.24,-0.27,-0.31,-0.34,-0.38,-0.41,-0.43,-0.46,-0.48,-0.497,-0.51,-0.517,-0.52,-0.514,-0.498,-0.47,-0.44,-0.4,-0.35,-0.29,-0.24,-0.18,-0.11,-0.05,0.02,0.09,0.15,0.21,0.28,0.34,0.39,0.45,0.49,0.54,0.57,0.6,0.62,0.635,0.64,0.635,0.62,0.6,0.56,0.53,0.48,0.43,0.37,0.31,0.25,0.18,0.11,0.05,-0.03,-0.09,-0.16,-0.23,-0.29,-0.35,-0.41,-0.46,-0.51,-0.54,-0.58,-0.6,-0.615,-0.62,-0.615,-0.599,-0.57,-0.54,-0.5,-0.45,-0.39,-0.33,-0.27,-0.2,-0.13,-0.06,0.01,0.09,0.16,0.23,0.3,0.37,0.43,0.49,0.55,0.59,0.64,0.67,0.7,0.72,0.736,0.74,0.735,0.719,0.69,0.66,0.62,0.58,0.52,0.47,0.41,0.34,0.28,0.21,0.14,0.07,0,-0.07,-0.14,-0.2,-0.27,-0.32,-0.38,-0.43,-0.48,-0.52,-0.55,-0.58,-0.6,-0.616,-0.62,-0.614,-0.599,-0.57,-0.54,-0.5,-0.46,-0.41,-0.36,-0.31,-0.26,-0.21,-0.16,-0.12,-0.08,-0.05,-0.02,-0.006,0
PARAM_FUR=0,-0.004,-0.016,-0.035,-0.06,-0.09,-0.12,-0.15,-0.18,-0.21,-0.24,-0.27,-0.29,-0.314,-0.328,-0.337,-0.34,-0.337,-0.327,-0.312,-0.293,-0.27,-0.24,-0.21,-0.18,-0.14,-0.11,-0.07,-0.03,0,0.04,0.08,0.11,0.15,0.18,0.21,0.24,0.26,0.281,0.297,0.31,0.317,0.32,0.317,0.31,0.297,0.281,0.26,0.24,0.21,0.18,0.15,0.12,0.08,0.04,0.01,-0.03,-0.06,-0.1,-0.14,-0.17,-0.2,-0.23,-0.26,-0.28,-0.301,-0.317,-0.33,-0.337,-0.34,-0.336,-0.323,-0.303,-0.28,-0.24,-0.21,-0.16,-0.12,-0.06,-0.01,0.04,0.1,0.16,0.22,0.27,0.33,0.39,0.44,0.49,0.53,0.58,0.61,0.65,0.68,0.7,0.716,0.727,0.73,0.726,0.714,0.695,0.67,0.64,0.6,0.56,0.52,0.47,0.43,0.37,0.32,0.27,0.22,0.16,0.11,0.06,0.01,-0.04,-0.08,-0.13,-0.17,-0.2,-0.23,-0.26,-0.28,-0.297,-0.307,-0.31,-0.308,-0.304,-0.297,-0.287,-0.275,-0.262,-0.246,-0.23,-0.212,-0.193,-0.174,-0.155,-0.136,-0.117,-0.098,-0.08,-0.064,-0.048,-0.035,-0.023,-0.013,-0.006,-0.002,0
PARAM_FUR_R=0,-0.003,-0.01,-0.021,-0.035,-0.052,-0.072,-0.09,-0.11,-0.14,-0.16,-0.18,-0.202,-0.221,-0.237,-0.252,-0.264,-0.273,-0.278,-0.28,-0.277,-0.268,-0.254,-0.236,-0.21,-0.19,-0.16,-0.13,-0.1,-0.06,-0.03,0.01,0.04,0.08,0.11,0.15,0.18,0.21,0.24,0.26,0.28,0.303,0.319,0.33,0.338,0.34,0.337,0.33,0.318,0.302,0.282,0.26,0.23,0.2,0.17,0.14,0.11,0.07,0.04,0,-0.03,-0.07,-0.1,-0.13,-0.16,-0.19,-0.22,-0.24,-0.262,-0.278,-0.29,-0.297,-0.3,-0.297,-0.288,-0.274,-0.256,-0.23,-0.21,-0.18,-0.14,-0.11,-0.07,-0.03,0.01,0.05,0.09,0.13,0.17,0.21,0.25,0.28,0.31,0.34,0.37,0.39,0.413,0.429,0.44,0.448,0.45,0.447,0.439,0.425,0.407,0.38,0.36,0.33,0.3,0.27,0.23,0.19,0.16,0.12,0.08,0.04,0,-0.03,-0.07,-0.1,-0.14,-0.17,-0.2,-0.22,-0.24,-0.264,-0.279,-0.291,-0.298,-0.3,-0.298,-0.292,-0.283,-0.272,-0.257,-0.24,-0.222,-0.203,-0.18,-0.16,-0.14,-0.12,-0.1,-0.078,-0.06,-0.043,-0.028,-0.017,-0.008,-0.002,0
PARAM_FUR_L=0,-0.002,-0.007,-0.016,-0.026,-0.039,-0.054,-0.07,-0.087,-0.106,-0.124,-0.143,-0.161,-0.18,-0.197,-0.214,-0.23,-0.244,-0.257,-0.268,-0.278,-0.284,-0.289,-0.29,-0.287,-0.278,-0.263,-0.244,-0.22,-0.19,-0.17,-0.13,-0.1,-0.07,-0.03,0.01,0.04,0.08,0.12,0.15,0.18,0.21,0.24,0.27,0.29,0.312,0.328,0.34,0.347,0.35,0.347,0.34,0.328,0.312,0.293,0.27,0.24,0.22,0.19,0.15,0.12,0.09,0.05,0.02,-0.02,-0.05,-0.08,-0.12,-0.15,-0.17,-0.2,-0.22,-0.242,-0.258,-0.27,-0.277,-0.28,-0.277,-0.27,-0.257,-0.241,-0.221,-0.2,-0.17,-0.14,-0.11,-0.08,-0.04,-0.01,0.03,0.06,0.1,0.13,0.17,0.2,0.23,0.26,0.29,0.31,0.33,0.347,0.361,0.371,0.378,0.38,0.377,0.37,0.357,0.341,0.321,0.3,0.27,0.24,0.21,0.18,0.15,0.11,0.08,0.04,0.01,-0.02,-0.06,-0.09,-0.12,-0.15,-0.18,-0.21,-0.23,-0.249,-0.267,-0.281,-0.291,-0.298,-0.3,-0.296,-0.286,-0.271,-0.251,-0.23,-0.21,-0.18,-0.15,-0.13,-0.1,-0.08,-0.06,-0.038,-0.022,-0.01,-0.003,0
PARAM_ARM_R=0,0.021,0.04,0.061,0.08,0.103,0.123,0.14,0.16,0.185,0.21,0.226,0.246,0.27,0.29,0.308,0.33,0.349,0.37,0.389,0.41,0.415,0.42,0.425,0.43,0.435,0.44,0.445,0.45,0.455,0.46,0.465,0.47,0.475,0.48,0.485,0.49,0.495,0.5,0.505,0.51,0.515,0.52,0.525,0.53,0.535,0.54,0.545,0.55,0.555,0.56,0.565,0.57,0.575,0.58,0.585,0.59,0.595,0.6,0.605,0.61,0.58,0.55,0.52,0.49,0.46,0.43,0.4,0.37,0.34,0.31,0.28,0.25,0.22,0.19,0.16,0.13,0.1,0.07,0.04,0.01,-0.02,-0.05,-0.08,-0.1,-0.13,-0.16,-0.19,-0.22,-0.25,-0.28,-0.31,-0.34,-0.37,-0.4,-0.43,-0.46,-0.49,-0.52,-0.55,-0.58,-0.61,-0.64,-0.67,-0.7,-0.73,-0.76,-0.79,-0.82,-0.8,-0.781,-0.761,-0.742,-0.722,-0.703,-0.683,-0.664,-0.644,-0.625,-0.605,-0.586,-0.566,-0.547,-0.527,-0.508,-0.488,-0.469,-0.449,-0.43,-0.41,-0.39,-0.371,-0.351,-0.332,-0.312,-0.293,-0.273,-0.254,-0.234,-0.215,-0.195,-0.176,-0.156,-0.137,-0.117,-0.098,-0.078,-0.059,-0.039,-0.02,0
PARAM_ELBOW_R=0,-0.01,-0.04,-0.07,-0.12,-0.17,-0.23,-0.28,-0.33,-0.38,-0.43,-0.47,-0.49,-0.513,-0.52,-0.52,-0.519,-0.519,-0.518,-0.516,-0.515,-0.513,-0.512,-0.51,-0.508,-0.506,-0.503,-0.501,-0.499,-0.497,-0.495,-0.493,-0.491,-0.489,-0.487,-0.486,-0.484,-0.483,-0.482,-0.481,-0.481,-0.48,-0.48,-0.48,-0.48,-0.48,-0.48,-0.481,-0.481,-0.481,-0.482,-0.482,-0.483,-0.483,-0.484,-0.485,-0.486,-0.487,-0.488,-0.489,-0.491,-0.492,-0.494,-0.495,-0.497,-0.499,-0.501,-0.504,-0.506,-0.508,-0.511,-0.514,-0.517,-0.52,-0.524,-0.528,-0.534,-0.54,-0.546,-0.552,-0.558,-0.564,-0.57,-0.576,-0.58,-0.584,-0.587,-0.589,-0.59,-0.588,-0.584,-0.576,-0.565,-0.553,-0.538,-0.521,-0.502,-0.482,-0.46,-0.44,-0.42,-0.39,-0.37,-0.35,-0.32,-0.3,-0.28,-0.26,-0.239,-0.22,-0.202,-0.187,-0.172,-0.16,-0.148,-0.136,-0.125,-0.114,-0.104,-0.095,-0.086,-0.078,-0.071,-0.064,-0.057,-0.051,-0.045,-0.04,-0.035,-0.031,-0.027,-0.023,-0.02,-0.017,-0.014,-0.012,-0.01,-0.008,-0.006,-0.005,-0.004,-0.003,-0.002,-0.002,-0.001,-0.001,0,0,0,0,0
PARAM_HAND_R=0,0.017,0.06,0.12,0.2,0.29,0.38,0.47,0.56,0.64,0.72,0.78,0.83,0.86,0.87,0.869,0.865,0.858,0.849,0.838,0.826,0.812,0.796,0.78,0.763,0.744,0.726,0.707,0.688,0.669,0.651,0.633,0.616,0.599,0.584,0.57,0.558,0.547,0.537,0.53,0.525,0.521,0.52,0.521,0.524,0.53,0.537,0.546,0.556,0.568,0.581,0.595,0.61,0.626,0.642,0.659,0.676,0.693,0.71,0.727,0.743,0.759,0.775,0.789,0.803,0.816,0.828,0.839,0.848,0.856,0.862,0.866,0.869,0.87,0.868,0.861,0.851,0.837,0.819,0.8,0.77,0.75,0.72,0.68,0.65,0.61,0.57,0.53,0.49,0.44,0.4,0.35,0.3,0.25,0.2,0.15,0.11,0.06,0.01,-0.04,-0.09,-0.14,-0.18,-0.23,-0.27,-0.31,-0.35,-0.39,-0.42,-0.46,-0.49,-0.51,-0.54,-0.56,-0.577,-0.591,-0.601,-0.608,-0.61,-0.608,-0.602,-0.593,-0.581,-0.566,-0.549,-0.529,-0.51,-0.48,-0.46,-0.43,-0.41,-0.38,-0.35,-0.32,-0.29,-0.27,-0.24,-0.21,-0.18,-0.16,-0.13,-0.11,-0.09,-0.071,-0.053,-0.038,-0.025,-0.014,-0.006,-0.002,0
PARAM_ARM_L=0,-0.001,-0.003,-0.007,-0.012,-0.019,-0.026,-0.035,-0.045,-0.055,-0.067,-0.079,-0.092,-0.106,-0.12,-0.135,-0.15,-0.166,-0.181,-0.197,-0.214,-0.23,-0.246,-0.262,-0.279,-0.294,-0.31,-0.325,-0.341,-0.355,-0.369,-0.383,-0.396,-0.408,-0.419,-0.43,-0.44,-0.449,-0.457,-0.463,-0.469,-0.474,-0.477,-0.479,-0.48,-0.479,-0.476,-0.472,-0.465,-0.457,-0.447,-0.436,-0.423,-0.408,-0.392,-0.375,-0.355,-0.33,-0.31,-0.28,-0.26,-0.23,-0.21,-0.19,-0.17,-0.14,-0.12,-0.104,-0.084,-0.065,-0.047,-0.03,-0.013,0.003,0.018,0.033,0.047,0.06,0.072,0.084,0.095,0.105,0.115,0.123,0.132,0.139,0.145,0.151,0.156,0.16,0.164,0.166,0.168,0.17,0.17,0.17,0.169,0.168,0.167,0.166,0.164,0.162,0.16,0.158,0.155,0.152,0.149,0.146,0.142,0.139,0.135,0.131,0.127,0.123,0.119,0.115,0.11,0.106,0.101,0.097,0.092,0.088,0.083,0.079,0.074,0.07,0.065,0.061,0.057,0.052,0.048,0.044,0.04,0.036,0.033,0.029,0.026,0.023,0.019,0.017,0.014,0.011,0.009,0.007,0.005,0.004,0.002,0.001,0.001,0,0
PARAM_ELBOW_L=0,0.001,0.005,0.011,0.019,0.029,0.041,0.055,0.07,0.087,0.105,0.124,0.144,0.17,0.19,0.21,0.23,0.26,0.28,0.31,0.33,0.36,0.38,0.41,0.43,0.45,0.47,0.5,0.516,0.535,0.553,0.57,0.585,0.599,0.611,0.621,0.629,0.635,0.639,0.64,0.634,0.62,0.6,0.58,0.55,0.53,0.51,0.489,0.473,0.464,0.46,0.461,0.462,0.465,0.469,0.475,0.481,0.488,0.496,0.504,0.514,0.524,0.535,0.547,0.559,0.572,0.586,0.599,0.614,0.628,0.643,0.658,0.673,0.689,0.705,0.72,0.736,0.751,0.767,0.782,0.798,0.813,0.827,0.842,0.856,0.87,0.883,0.896,0.908,0.919,0.93,0.941,0.95,0.959,0.967,0.975,0.981,0.987,0.992,0.995,0.998,0.999,1,0.999,0.995,0.989,0.98,0.97,0.957,0.942,0.926,0.908,0.888,0.87,0.84,0.82,0.79,0.77,0.74,0.71,0.68,0.65,0.62,0.59,0.56,0.53,0.5,0.47,0.44,0.41,0.38,0.35,0.32,0.29,0.26,0.23,0.21,0.18,0.16,0.13,0.11,0.092,0.074,0.058,0.043,0.03,0.02,0.011,0.005,0.001,0
PARAM_HAND_L=0,-0.006,-0.023,-0.05,-0.08,-0.13,-0.17,-0.22,-0.28,-0.34,-0.39,-0.45,-0.5,-0.54,-0.59,-0.62,-0.65,-0.664,-0.67,-0.663,-0.64,-0.61,-0.57,-0.51,-0.45,-0.39,-0.31,-0.24,-0.16,-0.08,0.01,0.09,0.17,0.25,0.33,0.41,0.48,0.55,0.61,0.66,0.7,0.74,0.77,0.784,0.79,0.74,0.61,0.41,0.18,-0.05,-0.28,-0.48,-0.61,-0.66,-0.659,-0.658,-0.655,-0.651,-0.647,-0.641,-0.634,-0.627,-0.618,-0.609,-0.599,-0.589,-0.577,-0.565,-0.552,-0.539,-0.525,-0.511,-0.496,-0.48,-0.464,-0.448,-0.431,-0.415,-0.397,-0.38,-0.362,-0.344,-0.326,-0.307,-0.289,-0.271,-0.252,-0.234,-0.216,-0.197,-0.179,-0.161,-0.143,-0.125,-0.108,-0.091,-0.074,-0.057,-0.041,-0.026,-0.01,0.005,0.019,0.033,0.046,0.059,0.071,0.082,0.093,0.103,0.113,0.121,0.129,0.136,0.142,0.148,0.152,0.155,0.158,0.159,0.16,0.159,0.158,0.156,0.152,0.148,0.143,0.138,0.132,0.125,0.119,0.111,0.104,0.096,0.088,0.08,0.072,0.064,0.056,0.049,0.041,0.035,0.028,0.022,0.017,0.012,0.008,0.004,0.002,0.001,0
PARAM_FOOT_R=0,0,0.001,0.003,0.004,0.007,0.01,0.013,0.017,0.021,0.026,0.031,0.037,0.042,0.049,0.055,0.062,0.069,0.077,0.084,0.092,0.1,0.109,0.117,0.126,0.135,0.144,0.153,0.162,0.171,0.181,0.19,0.199,0.209,0.218,0.228,0.237,0.246,0.256,0.265,0.274,0.283,0.292,0.3,0.309,0.317,0.325,0.333,0.341,0.348,0.355,0.362,0.368,0.374,0.38,0.386,0.391,0.396,0.4,0.404,0.408,0.411,0.414,0.416,0.418,0.419,0.42,0.42,0.418,0.412,0.403,0.391,0.375,0.357,0.34,0.31,0.29,0.26,0.23,0.19,0.16,0.13,0.09,0.05,0.01,-0.03,-0.07,-0.11,-0.15,-0.19,-0.24,-0.28,-0.32,-0.36,-0.4,-0.44,-0.48,-0.52,-0.56,-0.59,-0.63,-0.66,-0.69,-0.72,-0.75,-0.78,-0.8,-0.82,-0.843,-0.86,-0.874,-0.885,-0.893,-0.898,-0.9,-0.898,-0.892,-0.882,-0.869,-0.853,-0.833,-0.81,-0.79,-0.76,-0.73,-0.7,-0.67,-0.63,-0.6,-0.56,-0.52,-0.49,-0.45,-0.41,-0.38,-0.34,-0.3,-0.27,-0.23,-0.2,-0.17,-0.14,-0.11,-0.09,-0.07,-0.047,-0.031,-0.018,-0.008,-0.002,0
PARAM_FOOT_L=0,-0.002,-0.008,-0.017,-0.029,-0.045,-0.064,-0.09,-0.11,-0.14,-0.16,-0.19,-0.23,-0.26,-0.29,-0.33,-0.37,-0.4,-0.44,-0.48,-0.52,-0.56,-0.6,-0.63,-0.67,-0.71,-0.74,-0.77,-0.81,-0.84,-0.86,-0.89,-0.91,-0.94,-0.955,-0.971,-0.983,-0.992,-0.998,-1,-1,-1,-1,-1,-1,-1,-1,-1,-1,-1,-1,-1,-1,-1,-1,-1,-1,-1,-1,-1,-1,-1,-1,-1,-1,-1,-1,-1,-1,-1,-0.999,-0.998,-0.997,-0.996,-0.994,-0.993,-0.991,-0.988,-0.985,-0.982,-0.979,-0.975,-0.971,-0.967,-0.962,-0.957,-0.951,-0.945,-0.939,-0.932,-0.924,-0.917,-0.909,-0.9,-0.891,-0.881,-0.871,-0.86,-0.849,-0.837,-0.825,-0.812,-0.799,-0.785,-0.77,-0.755,-0.739,-0.723,-0.706,-0.688,-0.67,-0.651,-0.631,-0.611,-0.59,-0.57,-0.55,-0.52,-0.5,-0.48,-0.46,-0.43,-0.41,-0.39,-0.36,-0.34,-0.32,-0.3,-0.28,-0.26,-0.24,-0.216,-0.197,-0.178,-0.16,-0.142,-0.125,-0.11,-0.095,-0.081,-0.067,-0.055,-0.044,-0.034,-0.025,-0.018,-0.012,-0.007,-0.003,-0.001,0
PARAM_BODY_2=0,-0.003,-0.012,-0.026,-0.044,-0.07,-0.09,-0.13,-0.16,-0.2,-0.24,-0.28,-0.32,-0.36,-0.41,-0.45,-0.5,-0.55,-0.59,-0.63,-0.67,-0.71,-0.75,-0.78,-0.82,-0.84,-0.87,-0.884,-0.898,-0.907,-0.91,-0.908,-0.903,-0.895,-0.883,-0.869,-0.852,-0.833,-0.81,-0.79,-0.76,-0.73,-0.71,-0.68,-0.64,-0.61,-0.58,-0.55,-0.51,-0.48,-0.44,-0.41,-0.37,-0.34,-0.31,-0.28,-0.25,-0.22,-0.19,-0.16,-0.13,-0.11,-0.09,-0.069,-0.051,-0.036,-0.023,-0.013,-0.006,-0.002,0,-0.002,-0.006,-0.014,-0.024,-0.036,-0.051,-0.068,-0.087,-0.11,-0.13,-0.15,-0.18,-0.2,-0.23,-0.26,-0.29,-0.32,-0.35,-0.38,-0.41,-0.44,-0.47,-0.49,-0.52,-0.55,-0.58,-0.61,-0.63,-0.66,-0.68,-0.7,-0.72,-0.742,-0.759,-0.774,-0.788,-0.799,-0.808,-0.815,-0.819,-0.82,-0.818,-0.814,-0.806,-0.796,-0.783,-0.768,-0.75,-0.731,-0.71,-0.69,-0.66,-0.63,-0.61,-0.58,-0.55,-0.52,-0.49,-0.46,-0.43,-0.39,-0.36,-0.33,-0.3,-0.27,-0.24,-0.21,-0.19,-0.16,-0.13,-0.11,-0.09,-0.07,-0.052,-0.037,-0.024,-0.014,-0.006,-0.002,0
PARAM_ELBOW_ORDER=0
PARAM_KBUTO=0
VISIBLE:PARTS_01_HAIR_BACK_001=1
VISIBLE:PARTS_01_BODY=1
VISIBLE:PARTS_01_FACE_001=1
VISIBLE:PARTS_01_MOUTH_001=1
VISIBLE:PARTS_01_HAIR_SIDE_001=1
VISIBLE:PARTS_01_HAIR_FRONT_001=1
VISIBLE:PARTS_01_EYE_BALL_001=1
VISIBLE:PARTS_01_EYE_001=1
VISIBLE:PARTS_01_BROW_001=1